0	49.884
1	50.06
2	50.236
3	50.412
4	50.588
5	50.764
6	50.939
7	51.115
8	51.291
9	51.467
10	51.643
11	51.819
12	51.994
13	52.17
14	52.346
15	52.498
16	52.649
17	52.799
18	52.948
19	53.097
20	53.244
21	53.391
22	53.536
23	53.681
24	53.824
25	53.966
26	54.108
27	54.249
28	54.388
29	54.527
30	54.665
31	54.801
32	54.937
33	55.071
34	55.205
35	55.337
36	55.469
37	55.599
38	55.729
39	55.857
40	55.984
41	56.11
42	56.236
43	56.36
44	56.483
45	56.606
46	56.727
47	56.847
48	56.967
49	57.085
50	57.203
51	57.319
52	57.435
53	57.55
54	57.664
55	57.777
56	57.889
57	58
58	58.111
59	58.221
60	58.33
61	58.438
62	58.546
63	58.654
64	58.76
65	58.866
66	58.972
67	59.077
68	59.181
69	59.284
70	59.387
71	59.489
72	59.591
73	59.692
74	59.792
75	59.892
76	59.991
77	60.089
78	60.187
79	60.284
80	60.381
81	60.477
82	60.572
83	60.667
84	60.761
85	60.854
86	60.947
87	61.039
88	61.13
89	61.221
90	61.312
91	61.401
92	61.49
93	61.579
94	61.667
95	61.754
96	61.841
97	61.927
98	62.013
99	62.098
100	62.183
101	62.267
102	62.35
103	62.433
104	62.515
105	62.597
106	62.678
107	62.758
108	62.838
109	62.918
110	62.997
111	63.075
112	63.153
113	63.231
114	63.308
115	63.384
116	63.46
117	63.535
118	63.61
119	63.684
120	63.758
121	63.831
122	63.904
123	63.977
124	64.048
125	64.12
126	64.191
127	64.261
128	64.331
129	64.401
130	64.47
131	64.538
132	64.607
133	64.674
134	64.742
135	64.809
136	64.876
137	64.942
138	65.007
139	65.073
140	65.138
141	65.203
142	65.267
143	65.331
144	65.395
145	65.458
146	65.521
147	65.583
148	65.646
149	65.708
150	65.769
151	65.83
152	65.891
153	65.952
154	66.012
155	66.072
156	66.132
157	66.191
158	66.25
159	66.309
160	66.367
161	66.426
162	66.484
163	66.541
164	66.599
165	66.656
166	66.713
167	66.769
168	66.825
169	66.882
170	66.937
171	66.993
172	67.048
173	67.104
174	67.158
175	67.213
176	67.268
177	67.322
178	67.376
179	67.43
180	67.484
181	67.537
182	67.59
183	67.644
184	67.696
185	67.749
186	67.802
187	67.854
188	67.906
189	67.958
190	68.01
191	68.062
192	68.113
193	68.165
194	68.216
195	68.267
196	68.318
197	68.369
198	68.419
199	68.47
200	68.52
201	68.57
202	68.62
203	68.67
204	68.72
205	68.769
206	68.819
207	68.868
208	68.917
209	68.966
210	69.015
211	69.064
212	69.113
213	69.162
214	69.21
215	69.258
216	69.307
217	69.355
218	69.403
219	69.451
220	69.499
221	69.547
222	69.595
223	69.642
224	69.69
225	69.737
226	69.784
227	69.832
228	69.879
229	69.926
230	69.973
231	70.02
232	70.067
233	70.113
234	70.16
235	70.206
236	70.253
237	70.299
238	70.346
239	70.392
240	70.438
241	70.484
242	70.53
243	70.576
244	70.622
245	70.668
246	70.714
247	70.76
248	70.806
249	70.851
250	70.897
251	70.942
252	70.988
253	71.033
254	71.078
255	71.124
256	71.169
257	71.214
258	71.259
259	71.304
260	71.349
261	71.394
262	71.439
263	71.483
264	71.528
265	71.573
266	71.617
267	71.662
268	71.706
269	71.75
270	71.795
271	71.839
272	71.883
273	71.927
274	71.971
275	72.015
276	72.059
277	72.103
278	72.147
279	72.191
280	72.235
281	72.278
282	72.322
283	72.366
284	72.409
285	72.452
286	72.496
287	72.539
288	72.582
289	72.625
290	72.668
291	72.712
292	72.754
293	72.797
294	72.84
295	72.883
296	72.926
297	72.968
298	73.011
299	73.054
300	73.096
301	73.138
302	73.181
303	73.223
304	73.265
305	73.308
306	73.35
307	73.392
308	73.434
309	73.476
310	73.518
311	73.559
312	73.601
313	73.643
314	73.685
315	73.726
316	73.768
317	73.809
318	73.851
319	73.892
320	73.933
321	73.975
322	74.016
323	74.057
324	74.098
325	74.139
326	74.18
327	74.221
328	74.262
329	74.303
330	74.343
331	74.384
332	74.425
333	74.465
334	74.506
335	74.546
336	74.587
337	74.627
338	74.668
339	74.708
340	74.748
341	74.788
342	74.829
343	74.869
344	74.909
345	74.949
346	74.989
347	75.029
348	75.068
349	75.108
350	75.148
351	75.188
352	75.227
353	75.267
354	75.307
355	75.346
356	75.386
357	75.425
358	75.464
359	75.504
360	75.543
361	75.582
362	75.622
363	75.661
364	75.7
365	75.739
366	75.778
367	75.817
368	75.856
369	75.895
370	75.934
371	75.973
372	76.012
373	76.051
374	76.089
375	76.128
376	76.167
377	76.205
378	76.244
379	76.282
380	76.321
381	76.359
382	76.398
383	76.436
384	76.474
385	76.512
386	76.551
387	76.589
388	76.627
389	76.665
390	76.703
391	76.741
392	76.779
393	76.817
394	76.855
395	76.893
396	76.93
397	76.968
398	77.006
399	77.044
400	77.081
401	77.119
402	77.156
403	77.194
404	77.231
405	77.269
406	77.306
407	77.343
408	77.381
409	77.418
410	77.455
411	77.492
412	77.53
413	77.567
414	77.604
415	77.641
416	77.678
417	77.715
418	77.751
419	77.788
420	77.825
421	77.862
422	77.899
423	77.935
424	77.972
425	78.009
426	78.045
427	78.082
428	78.118
429	78.155
430	78.191
431	78.228
432	78.264
433	78.3
434	78.336
435	78.373
436	78.409
437	78.445
438	78.481
439	78.517
440	78.553
441	78.589
442	78.625
443	78.661
444	78.697
445	78.733
446	78.769
447	78.805
448	78.841
449	78.876
450	78.912
451	78.948
452	78.984
453	79.019
454	79.055
455	79.09
456	79.126
457	79.161
458	79.197
459	79.232
460	79.268
461	79.303
462	79.338
463	79.374
464	79.409
465	79.444
466	79.479
467	79.515
468	79.55
469	79.585
470	79.62
471	79.655
472	79.69
473	79.725
474	79.76
475	79.795
476	79.83
477	79.864
478	79.899
479	79.934
480	79.969
481	80.004
482	80.038
483	80.073
484	80.108
485	80.142
486	80.177
487	80.211
488	80.246
489	80.28
490	80.315
491	80.349
492	80.384
493	80.418
494	80.452
495	80.487
496	80.521
497	80.555
498	80.59
499	80.624
500	80.658
501	80.692
502	80.726
503	80.76
504	80.794
505	80.828
506	80.862
507	80.896
508	80.93
509	80.964
510	80.998
511	81.032
512	81.066
513	81.099
514	81.133
515	81.167
516	81.2
517	81.234
518	81.268
519	81.301
520	81.335
521	81.368
522	81.402
523	81.435
524	81.469
525	81.502
526	81.536
527	81.569
528	81.602
529	81.636
530	81.669
531	81.702
532	81.735
533	81.769
534	81.802
535	81.835
536	81.868
537	81.901
538	81.934
539	81.967
540	82
541	82.033
542	82.066
543	82.099
544	82.132
545	82.164
546	82.197
547	82.23
548	82.263
549	82.296
550	82.328
551	82.361
552	82.394
553	82.426
554	82.459
555	82.491
556	82.524
557	82.556
558	82.589
559	82.621
560	82.654
561	82.686
562	82.718
563	82.751
564	82.783
565	82.815
566	82.847
567	82.88
568	82.912
569	82.944
570	82.976
571	83.008
572	83.04
573	83.072
574	83.104
575	83.136
576	83.168
577	83.2
578	83.232
579	83.264
580	83.296
581	83.327
582	83.359
583	83.391
584	83.423
585	83.454
586	83.486
587	83.518
588	83.549
589	83.581
590	83.612
591	83.644
592	83.675
593	83.707
594	83.738
595	83.77
596	83.801
597	83.833
598	83.864
599	83.895
600	83.927
601	83.958
602	83.989
603	84.021
604	84.052
605	84.083
606	84.114
607	84.145
608	84.176
609	84.207
610	84.239
611	84.27
612	84.301
613	84.332
614	84.363
615	84.394
616	84.425
617	84.455
618	84.486
619	84.517
620	84.548
621	84.579
622	84.61
623	84.64
624	84.671
625	84.702
626	84.732
627	84.763
628	84.794
629	84.824
630	84.855
631	84.886
632	84.916
633	84.947
634	84.977
635	85.008
636	85.038
637	85.068
638	85.099
639	85.129
640	85.159
641	85.19
642	85.22
643	85.25
644	85.281
645	85.311
646	85.341
647	85.371
648	85.401
649	85.431
650	85.462
651	85.492
652	85.522
653	85.552
654	85.582
655	85.612
656	85.642
657	85.672
658	85.702
659	85.731
660	85.761
661	85.791
662	85.821
663	85.851
664	85.881
665	85.91
666	85.94
667	85.97
668	86
669	86.029
670	86.059
671	86.089
672	86.118
673	86.148
674	86.177
675	86.207
676	86.236
677	86.266
678	86.295
679	86.325
680	86.354
681	86.384
682	86.413
683	86.443
684	86.472
685	86.501
686	86.531
687	86.56
688	86.589
689	86.618
690	86.648
691	86.677
692	86.706
693	86.735
694	86.765
695	86.794
696	86.823
697	86.852
698	86.881
699	86.91
700	86.939
701	86.968
702	86.997
703	87.026
704	87.055
705	87.084
706	87.113
707	87.142
708	87.171
709	87.2
710	87.229
711	87.258
712	87.286
713	87.315
714	87.344
715	87.373
716	87.401
717	87.43
718	87.459
719	87.488
720	87.516
721	87.545
722	87.574
723	87.602
724	87.631
725	87.659
726	87.688
727	87.716
728	87.745
729	87.773
730	87.802
731	87.13
732	87.159
733	87.187
734	87.216
735	87.244
736	87.272
737	87.301
738	87.329
739	87.357
740	87.385
741	87.414
742	87.442
743	87.47
744	87.498
745	87.526
746	87.555
747	87.583
748	87.611
749	87.639
750	87.667
751	87.695
752	87.723
753	87.751
754	87.779
755	87.807
756	87.835
757	87.863
758	87.89
759	87.918
760	87.946
761	87.974
762	88.002
763	88.029
764	88.057
765	88.085
766	88.112
767	88.14
768	88.168
769	88.195
770	88.223
771	88.25
772	88.278
773	88.305
774	88.333
775	88.36
776	88.388
777	88.415
778	88.443
779	88.47
780	88.497
781	88.525
782	88.552
783	88.579
784	88.606
785	88.634
786	88.661
787	88.688
788	88.715
789	88.742
790	88.769
791	88.796
792	88.823
793	88.85
794	88.878
795	88.904
796	88.931
797	88.958
798	88.985
799	89.012
800	89.039
801	89.066
802	89.093
803	89.12
804	89.146
805	89.173
806	89.2
807	89.227
808	89.253
809	89.28
810	89.307
811	89.333
812	89.36
813	89.386
814	89.413
815	89.44
816	89.466
817	89.493
818	89.519
819	89.546
820	89.572
821	89.598
822	89.625
823	89.651
824	89.677
825	89.704
826	89.73
827	89.756
828	89.783
829	89.809
830	89.835
831	89.861
832	89.887
833	89.913
834	89.94
835	89.966
836	89.992
837	90.018
838	90.044
839	90.07
840	90.096
841	90.122
842	90.148
843	90.174
844	90.199
845	90.225
846	90.251
847	90.277
848	90.303
849	90.328
850	90.354
851	90.38
852	90.406
853	90.431
854	90.457
855	90.483
856	90.508
857	90.534
858	90.559
859	90.585
860	90.61
861	90.636
862	90.661
863	90.687
864	90.712
865	90.738
866	90.763
867	90.788
868	90.814
869	90.839
870	90.864
871	90.889
872	90.915
873	90.94
874	90.965
875	90.99
876	91.015
877	91.04
878	91.066
879	91.091
880	91.116
881	91.141
882	91.166
883	91.191
884	91.216
885	91.241
886	91.265
887	91.29
888	91.315
889	91.34
890	91.365
891	91.39
892	91.414
893	91.439
894	91.464
895	91.489
896	91.513
897	91.538
898	91.563
899	91.587
900	91.612
901	91.636
902	91.661
903	91.686
904	91.71
905	91.735
906	91.759
907	91.783
908	91.808
909	91.832
910	91.857
911	91.881
912	91.905
913	91.93
914	91.954
915	91.978
916	92.003
917	92.027
918	92.051
919	92.075
920	92.099
921	92.124
922	92.148
923	92.172
924	92.196
925	92.22
926	92.244
927	92.268
928	92.292
929	92.316
930	92.34
931	92.364
932	92.388
933	92.412
934	92.436
935	92.46
936	92.483
937	92.507
938	92.531
939	92.555
940	92.579
941	92.602
942	92.626
943	92.65
944	92.674
945	92.697
946	92.721
947	92.744
948	92.768
949	92.792
950	92.815
951	92.839
952	92.862
953	92.886
954	92.909
955	92.933
956	92.956
957	92.98
958	93.003
959	93.027
960	93.05
961	93.073
962	93.097
963	93.12
964	93.143
965	93.167
966	93.19
967	93.213
968	93.236
969	93.26
970	93.283
971	93.306
972	93.329
973	93.352
974	93.375
975	93.398
976	93.422
977	93.445
978	93.468
979	93.491
980	93.514
981	93.537
982	93.56
983	93.583
984	93.606
985	93.629
986	93.651
987	93.674
988	93.697
989	93.72
990	93.743
991	93.766
992	93.789
993	93.811
994	93.834
995	93.857
996	93.88
997	93.902
998	93.925
999	93.948
1000	93.971
1001	93.993
1002	94.016
1003	94.039
1004	94.061
1005	94.084
1006	94.106
1007	94.129
1008	94.152
1009	94.174
1010	94.197
1011	94.219
1012	94.242
1013	94.264
1014	94.287
1015	94.309
1016	94.332
1017	94.354
1018	94.377
1019	94.399
1020	94.421
1021	94.444
1022	94.466
1023	94.489
1024	94.511
1025	94.533
1026	94.556
1027	94.578
1028	94.6
1029	94.623
1030	94.645
1031	94.667
1032	94.689
1033	94.712
1034	94.734
1035	94.756
1036	94.778
1037	94.8
1038	94.823
1039	94.845
1040	94.867
1041	94.889
1042	94.911
1043	94.933
1044	94.955
1045	94.977
1046	95
1047	95.022
1048	95.044
1049	95.066
1050	95.088
1051	95.11
1052	95.132
1053	95.154
1054	95.176
1055	95.198
1056	95.22
1057	95.242
1058	95.264
1059	95.286
1060	95.307
1061	95.329
1062	95.351
1063	95.373
1064	95.395
1065	95.417
1066	95.439
1067	95.461
1068	95.482
1069	95.504
1070	95.526
1071	95.548
1072	95.57
1073	95.591
1074	95.613
1075	95.635
1076	95.657
1077	95.678
1078	95.7
1079	95.722
1080	95.743
1081	95.765
1082	95.787
1083	95.808
1084	95.83
1085	95.852
1086	95.873
1087	95.895
1088	95.917
1089	95.938
1090	95.96
1091	95.981
1092	96.003
1093	96.024
1094	96.046
1095	96.067
1096	96.089
1097	96.11
1098	96.132
1099	96.153
1100	96.175
1101	96.196
1102	96.218
1103	96.239
1104	96.261
1105	96.282
1106	96.304
1107	96.325
1108	96.346
1109	96.368
1110	96.389
1111	96.411
1112	96.432
1113	96.453
1114	96.475
1115	96.496
1116	96.517
1117	96.539
1118	96.56
1119	96.581
1120	96.602
1121	96.624
1122	96.645
1123	96.666
1124	96.687
1125	96.709
1126	96.73
1127	96.751
1128	96.772
1129	96.793
1130	96.815
1131	96.836
1132	96.857
1133	96.878
1134	96.899
1135	96.92
1136	96.941
1137	96.963
1138	96.984
1139	97.005
1140	97.026
1141	97.047
1142	97.068
1143	97.089
1144	97.11
1145	97.131
1146	97.152
1147	97.173
1148	97.194
1149	97.215
1150	97.236
1151	97.257
1152	97.278
1153	97.299
1154	97.32
1155	97.341
1156	97.362
1157	97.383
1158	97.404
1159	97.425
1160	97.445
1161	97.466
1162	97.487
1163	97.508
1164	97.529
1165	97.55
1166	97.571
1167	97.591
1168	97.612
1169	97.633
1170	97.654
1171	97.675
1172	97.695
1173	97.716
1174	97.737
1175	97.758
1176	97.779
1177	97.799
1178	97.82
1179	97.841
1180	97.861
1181	97.882
1182	97.903
1183	97.923
1184	97.944
1185	97.965
1186	97.985
1187	98.006
1188	98.027
1189	98.047
1190	98.068
1191	98.089
1192	98.109
1193	98.13
1194	98.15
1195	98.171
1196	98.191
1197	98.212
1198	98.233
1199	98.253
1200	98.274
1201	98.294
1202	98.315
1203	98.335
1204	98.356
1205	98.376
1206	98.396
1207	98.417
1208	98.437
1209	98.458
1210	98.478
1211	98.499
1212	98.519
1213	98.539
1214	98.56
1215	98.58
1216	98.601
1217	98.621
1218	98.641
1219	98.662
1220	98.682
1221	98.702
1222	98.723
1223	98.743
1224	98.763
1225	98.783
1226	98.804
1227	98.824
1228	98.844
1229	98.864
1230	98.885
1231	98.905
1232	98.925
1233	98.945
1234	98.966
1235	98.986
1236	99.006
1237	99.026
1238	99.046
1239	99.066
1240	99.086
1241	99.107
1242	99.127
1243	99.147
1244	99.167
1245	99.187
1246	99.207
1247	99.227
1248	99.247
1249	99.267
1250	99.287
1251	99.307
1252	99.327
1253	99.347
1254	99.367
1255	99.387
1256	99.407
1257	99.427
1258	99.447
1259	99.467
1260	99.487
1261	99.507
1262	99.527
1263	99.547
1264	99.567
1265	99.587
1266	99.606
1267	99.626
1268	99.646
1269	99.666
1270	99.686
1271	99.706
1272	99.725
1273	99.745
1274	99.765
1275	99.785
1276	99.805
1277	99.824
1278	99.844
1279	99.864
1280	99.884
1281	99.903
1282	99.923
1283	99.943
1284	99.963
1285	99.982
1286	100.002
1287	100.022
1288	100.041
1289	100.061
1290	100.081
1291	100.1
1292	100.12
1293	100.139
1294	100.159
1295	100.179
1296	100.198
1297	100.218
1298	100.237
1299	100.257
1300	100.277
1301	100.296
1302	100.316
1303	100.335
1304	100.355
1305	100.374
1306	100.394
1307	100.413
1308	100.433
1309	100.452
1310	100.472
1311	100.491
1312	100.511
1313	100.53
1314	100.55
1315	100.569
1316	100.588
1317	100.608
1318	100.627
1319	100.647
1320	100.666
1321	100.685
1322	100.705
1323	100.724
1324	100.743
1325	100.763
1326	100.782
1327	100.801
1328	100.821
1329	100.84
1330	100.859
1331	100.879
1332	100.898
1333	100.917
1334	100.936
1335	100.956
1336	100.975
1337	100.994
1338	101.013
1339	101.033
1340	101.052
1341	101.071
1342	101.09
1343	101.109
1344	101.129
1345	101.148
1346	101.167
1347	101.186
1348	101.205
1349	101.224
1350	101.244
1351	101.263
1352	101.282
1353	101.301
1354	101.32
1355	101.339
1356	101.358
1357	101.377
1358	101.396
1359	101.415
1360	101.434
1361	101.454
1362	101.473
1363	101.492
1364	101.511
1365	101.53
1366	101.549
1367	101.568
1368	101.587
1369	101.606
1370	101.625
1371	101.644
1372	101.663
1373	101.682
1374	101.7
1375	101.719
1376	101.738
1377	101.757
1378	101.776
1379	101.795
1380	101.814
1381	101.833
1382	101.852
1383	101.871
1384	101.89
1385	101.909
1386	101.927
1387	101.946
1388	101.965
1389	101.984
1390	102.003
1391	102.022
1392	102.041
1393	102.059
1394	102.078
1395	102.097
1396	102.116
1397	102.135
1398	102.153
1399	102.172
1400	102.191
1401	102.21
1402	102.229
1403	102.247
1404	102.266
1405	102.285
1406	102.304
1407	102.322
1408	102.341
1409	102.36
1410	102.379
1411	102.397
1412	102.416
1413	102.435
1414	102.453
1415	102.472
1416	102.491
1417	102.51
1418	102.528
1419	102.547
1420	102.566
1421	102.584
1422	102.603
1423	102.622
1424	102.64
1425	102.659
1426	102.678
1427	102.696
1428	102.715
1429	102.733
1430	102.752
1431	102.771
1432	102.789
1433	102.808
1434	102.827
1435	102.845
1436	102.864
1437	102.882
1438	102.901
1439	102.92
1440	102.938
1441	102.957
1442	102.975
1443	102.994
1444	103.012
1445	103.031
1446	103.049
1447	103.068
1448	103.087
1449	103.105
1450	103.124
1451	103.142
1452	103.161
1453	103.179
1454	103.198
1455	103.216
1456	103.235
1457	103.253
1458	103.272
1459	103.29
1460	103.309
1461	103.327
1462	103.346
1463	103.364
1464	103.383
1465	103.401
1466	103.42
1467	103.438
1468	103.457
1469	103.475
1470	103.494
1471	103.512
1472	103.531
1473	103.549
1474	103.567
1475	103.586
1476	103.604
1477	103.623
1478	103.641
1479	103.66
1480	103.678
1481	103.697
1482	103.715
1483	103.733
1484	103.752
1485	103.77
1486	103.789
1487	103.807
1488	103.825
1489	103.844
1490	103.862
1491	103.881
1492	103.899
1493	103.917
1494	103.936
1495	103.954
1496	103.973
1497	103.991
1498	104.009
1499	104.028
1500	104.046
1501	104.064
1502	104.083
1503	104.101
1504	104.12
1505	104.138
1506	104.156
1507	104.175
1508	104.193
1509	104.211
1510	104.23
1511	104.248
1512	104.266
1513	104.285
1514	104.303
1515	104.321
1516	104.34
1517	104.358
1518	104.376
1519	104.395
1520	104.413
1521	104.431
1522	104.45
1523	104.468
1524	104.486
1525	104.505
1526	104.523
1527	104.541
1528	104.56
1529	104.578
1530	104.596
1531	104.614
1532	104.633
1533	104.651
1534	104.669
1535	104.688
1536	104.706
1537	104.724
1538	104.743
1539	104.761
1540	104.779
1541	104.797
1542	104.816
1543	104.834
1544	104.852
1545	104.871
1546	104.889
1547	104.907
1548	104.925
1549	104.944
1550	104.962
1551	104.98
1552	104.998
1553	105.017
1554	105.035
1555	105.053
1556	105.072
1557	105.09
1558	105.108
1559	105.126
1560	105.145
1561	105.163
1562	105.181
1563	105.199
1564	105.218
1565	105.236
1566	105.254
1567	105.272
1568	105.291
1569	105.309
1570	105.327
1571	105.345
1572	105.364
1573	105.382
1574	105.4
1575	105.418
1576	105.437
1577	105.455
1578	105.473
1579	105.491
1580	105.509
1581	105.528
1582	105.546
1583	105.564
1584	105.582
1585	105.601
1586	105.619
1587	105.637
1588	105.655
1589	105.674
1590	105.692
1591	105.71
1592	105.728
1593	105.746
1594	105.765
1595	105.783
1596	105.801
1597	105.819
1598	105.837
1599	105.856
1600	105.874
1601	105.892
1602	105.91
1603	105.928
1604	105.947
1605	105.965
1606	105.983
1607	106.001
1608	106.019
1609	106.038
1610	106.056
1611	106.074
1612	106.092
1613	106.11
1614	106.129
1615	106.147
1616	106.165
1617	106.183
1618	106.201
1619	106.22
1620	106.238
1621	106.256
1622	106.274
1623	106.292
1624	106.31
1625	106.329
1626	106.347
1627	106.365
1628	106.383
1629	106.401
1630	106.419
1631	106.438
1632	106.456
1633	106.474
1634	106.492
1635	106.51
1636	106.528
1637	106.547
1638	106.565
1639	106.583
1640	106.601
1641	106.619
1642	106.637
1643	106.656
1644	106.674
1645	106.692
1646	106.71
1647	106.728
1648	106.746
1649	106.764
1650	106.783
1651	106.801
1652	106.819
1653	106.837
1654	106.855
1655	106.873
1656	106.891
1657	106.91
1658	106.928
1659	106.946
1660	106.964
1661	106.982
1662	107
1663	107.018
1664	107.036
1665	107.055
1666	107.073
1667	107.091
1668	107.109
1669	107.127
1670	107.145
1671	107.163
1672	107.181
1673	107.2
1674	107.218
1675	107.236
1676	107.254
1677	107.272
1678	107.29
1679	107.308
1680	107.326
1681	107.344
1682	107.363
1683	107.381
1684	107.399
1685	107.417
1686	107.435
1687	107.453
1688	107.471
1689	107.489
1690	107.507
1691	107.526
1692	107.544
1693	107.562
1694	107.58
1695	107.598
1696	107.616
1697	107.634
1698	107.652
1699	107.67
1700	107.688
1701	107.706
1702	107.725
1703	107.743
1704	107.761
1705	107.779
1706	107.797
1707	107.815
1708	107.833
1709	107.851
1710	107.869
1711	107.887
1712	107.905
1713	107.923
1714	107.942
1715	107.96
1716	107.978
1717	107.996
1718	108.014
1719	108.032
1720	108.05
1721	108.068
1722	108.086
1723	108.104
1724	108.122
1725	108.14
1726	108.158
1727	108.176
1728	108.195
1729	108.213
1730	108.231
1731	108.249
1732	108.267
1733	108.285
1734	108.303
1735	108.321
1736	108.339
1737	108.357
1738	108.375
1739	108.393
1740	108.411
1741	108.429
1742	108.447
1743	108.465
1744	108.483
1745	108.501
1746	108.519
1747	108.538
1748	108.556
1749	108.574
1750	108.592
1751	108.61
1752	108.628
1753	108.646
1754	108.664
1755	108.682
1756	108.7
1757	108.718
1758	108.736
1759	108.754
1760	108.772
1761	108.79
1762	108.808
1763	108.826
1764	108.844
1765	108.862
1766	108.88
1767	108.898
1768	108.916
1769	108.934
1770	108.952
1771	108.97
1772	108.988
1773	109.006
1774	109.024
1775	109.042
1776	109.06
1777	109.078
1778	109.096
1779	109.114
1780	109.132
1781	109.15
1782	109.168
1783	109.186
1784	109.204
1785	109.222
1786	109.24
1787	109.258
1788	109.276
1789	109.294
1790	109.312
1791	109.33
1792	109.348
1793	109.366
1794	109.384
1795	109.402
1796	109.42
1797	109.438
1798	109.456
1799	109.474
1800	109.492
1801	109.51
1802	109.528
1803	109.546
1804	109.564
1805	109.582
1806	109.6
1807	109.618
1808	109.636
1809	109.654
1810	109.672
1811	109.69
1812	109.708
1813	109.726
1814	109.744
1815	109.762
1816	109.78
1817	109.798
1818	109.816
1819	109.834
1820	109.852
1821	109.87
1822	109.888
1823	109.906
1824	109.923
1825	109.941
1826	109.959
1827	109.977
1828	109.995
1829	110.013
1830	110.031
1831	110.049
1832	110.067
1833	110.085
1834	110.103
1835	110.121
1836	110.139
1837	110.157
1838	110.175
1839	110.192
1840	110.21
1841	110.228
1842	110.246
1843	110.264
1844	110.282
1845	110.3
1846	110.318
1847	110.336
1848	110.354
1849	110.372
1850	110.39
1851	110.407
1852	110.425
1853	110.443
1854	110.461
1855	110.479
1856	110.497