         0    0.4236
    1.0000    0.4125
    2.0000    0.4168
    3.0000    0.4236
    4.0000    0.4311
    5.0000    0.4393
    6.0000    0.4483
    7.0000    0.4578
    8.0000    0.4678
    9.0000    0.4783
   10.0000    0.4889
   11.0000    0.5005
   12.0000    0.5125
   13.0000    0.5251
   14.0000    0.5383
   15.0000    0.5521
   16.0000    0.5664
   17.0000    0.5809
   18.0000    0.5957
   19.0000    0.6107
   20.0000    0.6262
   21.0000    0.6416
   22.0000    0.6575
   23.0000    0.6732
   24.0000    0.6891
   25.0000    0.7047
   26.0000    0.7209
   27.0000    0.7369
   28.0000    0.7529
   29.0000    0.7687
   30.0000    0.7850
   31.0000    0.8010
   32.0000    0.8167
   33.0000    0.8324
   34.0000    0.8483
   35.0000    0.8642
   36.0000    0.8798
   37.0000    0.8955
   38.0000    0.9107
   39.0000    0.9261
   40.0000    0.9414
   41.0000    0.9564
   42.0000    0.9714
   43.0000    0.9865
   44.0000    1.0016
   45.0000    1.0163
   46.0000    1.0305
   47.0000    1.0453
   48.0000    1.0596
   49.0000    1.0739
   50.0000    1.0882
   51.0000    1.1021
   52.0000    1.1160
   53.0000    1.1299
   54.0000    1.1433
   55.0000    1.1567
   56.0000    1.1701
   57.0000    1.1836
   58.0000    1.1965
   59.0000    1.2094
   60.0000    1.2224
   61.0000    1.2353
   62.0000    1.2477
   63.0000    1.2602
   64.0000    1.2726
   65.0000    1.2850
   66.0000    1.2973
   67.0000    1.3092
   68.0000    1.3211
   69.0000    1.3329
   70.0000    1.3447
   71.0000    1.3560
   72.0000    1.3678
   73.0000    1.3790
   74.0000    1.3903
   75.0000    1.4015
   76.0000    1.4122
   77.0000    1.4233
   78.0000    1.4340
   79.0000    1.4446
   80.0000    1.4552
   81.0000    1.4653
   82.0000    1.4758
   83.0000    1.4858
   84.0000    1.4958
   85.0000    1.5057
   86.0000    1.5156
   87.0000    1.5255
   88.0000    1.5353
   89.0000    1.5446
   90.0000    1.5539
   91.0000    1.5632
   92.0000    1.5724
   93.0000    1.5816
   94.0000    1.5907
   95.0000    1.5994
   96.0000    1.6084
   97.0000    1.6170
   98.0000    1.6256
   99.0000    1.6340
  100.0000    1.6425
  101.0000    1.6509
  102.0000    1.6588
  103.0000    1.6671
  104.0000    1.6750
  105.0000    1.6828
  106.0000    1.6905
  107.0000    1.6982
  108.0000    1.7059
  109.0000    1.7135
  110.0000    1.7207
  111.0000    1.7282
  112.0000    1.7353
  113.0000    1.7424
  114.0000    1.7494
  115.0000    1.7563
  116.0000    1.7632
  117.0000    1.7701
  118.0000    1.7769
  119.0000    1.7832
  120.0000    1.7900
  121.0000    1.7962
  122.0000    1.8025
  123.0000    1.8087
  124.0000    1.8149
  125.0000    1.8210
  126.0000    1.8270
  127.0000    1.8327
  128.0000    1.8387
  129.0000    1.8442
  130.0000    1.8501
  131.0000    1.8556
  132.0000    1.8610
  133.0000    1.8664
  134.0000    1.8718
  135.0000    1.8771
  136.0000    1.8820
  137.0000    1.8872
  138.0000    1.8920
  139.0000    1.8972
  140.0000    1.9019
  141.0000    1.9066
  142.0000    1.9116
  143.0000    1.9162
  144.0000    1.9208
  145.0000    1.9250
  146.0000    1.9295
  147.0000    1.9340
  148.0000    1.9381
  149.0000    1.9425
  150.0000    1.9465
  151.0000    1.9508
  152.0000    1.9547
  153.0000    1.9586
  154.0000    1.9625
  155.0000    1.9663
  156.0000    1.9701
  157.0000    1.9738
  158.0000    1.9775
  159.0000    1.9809
  160.0000    1.9845
  161.0000    1.9881
  162.0000    1.9913
  163.0000    1.9946
  164.0000    1.9980
  165.0000    2.0012
  166.0000    2.0043
  167.0000    2.0074
  168.0000    2.0104
  169.0000    2.0134
  170.0000    2.0164
  171.0000    2.0193
  172.0000    2.0222
  173.0000    2.0250
  174.0000    2.0276
  175.0000    2.0304
  176.0000    2.0329
  177.0000    2.0356
  178.0000    2.0380
  179.0000    2.0406
  180.0000    2.0430
  181.0000    2.0453
  182.0000    2.0476
  183.0000    2.0501
  184.0000    2.0523