        0    3.3460
    1.0000    3.3170
    2.0000    3.3370
    3.0000    3.3630
    4.0000    3.3920
    5.0000    3.4220
    6.0000    3.4550
    7.0000    3.4880
    8.0000    3.5220
    9.0000    3.5580
   10.0000    3.5940
   11.0000    3.6320
   12.0000    3.6710
   13.0000    3.7110
   14.0000    3.7530
   15.0000    3.7960
   16.0000    3.8390
   17.0000    3.8830
   18.0000    3.9270
   19.0000    3.9710
   20.0000    4.0160
   21.0000    4.0600
   22.0000    4.1050
   23.0000    4.1490
   24.0000    4.1930
   25.0000    4.2370
   26.0000    4.2810
   27.0000    4.3240
   28.0000    4.3670
   29.0000    4.4100
   30.0000    4.4530
   31.0000    4.4950
   32.0000    4.5360
   33.0000    4.5780
   34.0000    4.6190
   35.0000    4.6590
   36.0000    4.6990
   37.0000    4.7390
   38.0000    4.7780
   39.0000    4.8170
   40.0000    4.8550
   41.0000    4.8930
   42.0000    4.9300
   43.0000    4.9670
   44.0000    5.0040
   45.0000    5.0400
   46.0000    5.0760
   47.0000    5.1120
   48.0000    5.1470
   49.0000    5.1820
   50.0000    5.2160
   51.0000    5.2500
   52.0000    5.2840
   53.0000    5.3170
   54.0000    5.3500
   55.0000    5.3830
   56.0000    5.4150
   57.0000    5.4470
   58.0000    5.4780
   59.0000    5.5100
   60.0000    5.5410
   61.0000    5.5710
   62.0000    5.6020
   63.0000    5.6320
   64.0000    5.6620
   65.0000    5.6910
   66.0000    5.7210
   67.0000    5.7490
   68.0000    5.7780
   69.0000    5.8070
   70.0000    5.8350
   71.0000    5.8630
   72.0000    5.8900
   73.0000    5.9170
   74.0000    5.9450
   75.0000    5.9710
   76.0000    5.9980
   77.0000    6.0240
   78.0000    6.0500
   79.0000    6.0760
   80.0000    6.1020
   81.0000    6.1270
   82.0000    6.1520
   83.0000    6.1770
   84.0000    6.2020
   85.0000    6.2260
   86.0000    6.2510
   87.0000    6.2750
   88.0000    6.2990
   89.0000    6.3220
   90.0000    6.3460
   91.0000    6.3690
   92.0000    6.3920
   93.0000    6.4150
   94.0000    6.4380
   95.0000    6.4600
   96.0000    6.4820
   97.0000    6.5050
   98.0000    6.5270
   99.0000    6.5480
  100.0000    6.5700
  101.0000    6.5910
  102.0000    6.6130
  103.0000    6.6340
  104.0000    6.6550
  105.0000    6.6760
  106.0000    6.6960
  107.0000    6.7170
  108.0000    6.7370
  109.0000    6.7570
  110.0000    6.7770
  111.0000    6.7970
  112.0000    6.8170
  113.0000    6.8370
  114.0000    6.8560
  115.0000    6.8750
  116.0000    6.8950
  117.0000    6.9140
  118.0000    6.9330
  119.0000    6.9510
  120.0000    6.9700
  121.0000    6.9890
  122.0000    7.0070
  123.0000    7.0250
  124.0000    7.0430
  125.0000    7.0620
  126.0000    7.0790
  127.0000    7.0970
  128.0000    7.1150
  129.0000    7.1330
  130.0000    7.1500
  131.0000    7.1670
  132.0000    7.1850
  133.0000    7.2020
  134.0000    7.2190
  135.0000    7.2360
  136.0000    7.2530
  137.0000    7.2690
  138.0000    7.2860
  139.0000    7.3020
  140.0000    7.3190
  141.0000    7.3350
  142.0000    7.3510
  143.0000    7.3670
  144.0000    7.3830
  145.0000    7.3990
  146.0000    7.4150
  147.0000    7.4310
  148.0000    7.4460
  149.0000    7.4620
  150.0000    7.4770
  151.0000    7.4930
  152.0000    7.5080
  153.0000    7.5230
  154.0000    7.5380
  155.0000    7.5530
  156.0000    7.5680
  157.0000    7.5820
  158.0000    7.5970
  159.0000    7.6120
  160.0000    7.6260
  161.0000    7.6410
  162.0000    7.6550
  163.0000    7.6690
  164.0000    7.6830
  165.0000    7.6980
  166.0000    7.7120
  167.0000    7.7260
  168.0000    7.7390
  169.0000    7.7530
  170.0000    7.7670
  171.0000    7.7810
  172.0000    7.7940
  173.0000    7.8080
  174.0000    7.8210
  175.0000    7.8340
  176.0000    7.8480
  177.0000    7.8610
  178.0000    7.8740
  179.0000    7.8870
  180.0000    7.9000
  181.0000    7.9130
  182.0000    7.9260
  183.0000    7.9390
  184.0000    7.9520