0	46.77	48.607	49.884	51.161	52.998
1	46.943	48.782	50.06	51.338	53.177
2	47.117	48.957	50.236	51.515	53.355
3	47.291	49.132	50.412	51.692	53.533
4	47.464	49.307	50.588	51.868	53.711
5	47.637	49.482	50.764	52.045	53.89
6	47.811	49.656	50.939	52.222	54.068
7	47.985	49.832	51.115	52.399	54.245
8	48.158	50.006	51.291	52.576	54.424
9	48.332	50.181	51.467	52.752	54.602
10	48.506	50.356	51.643	52.929	54.78
11	48.68	50.532	51.819	53.106	54.957
12	48.854	50.707	51.994	53.282	55.135
13	49.028	50.882	52.17	53.459	55.313
14	49.202	51.057	52.346	53.636	55.491
15	49.35	51.207	52.498	53.788	55.645
16	49.497	51.357	52.649	53.941	55.8
17	49.644	51.505	52.799	54.093	55.954
18	49.789	51.653	52.948	54.244	56.107
19	49.934	51.8	53.097	54.393	56.259
20	50.078	51.946	53.244	54.542	56.41
21	50.221	52.091	53.391	54.69	56.56
22	50.363	52.235	53.536	54.837	56.709
23	50.504	52.378	53.681	54.983	56.857
24	50.644	52.52	53.824	55.128	57.004
25	50.783	52.661	53.966	55.272	57.15
26	50.921	52.801	54.108	55.415	57.295
27	51.058	52.94	54.249	55.557	57.439
28	51.194	53.078	54.388	55.698	57.582
29	51.329	53.216	54.527	55.838	57.724
30	51.464	53.352	54.665	55.977	57.865
31	51.598	53.488	54.801	56.115	58.005
32	51.73	53.622	54.937	56.252	58.144
33	51.861	53.755	55.071	56.388	58.282
34	51.991	53.887	55.205	56.523	58.418
35	52.121	54.018	55.337	56.656	58.554
36	52.249	54.148	55.469	56.789	58.689
37	52.376	54.278	55.599	56.921	58.822
38	52.502	54.405	55.729	57.052	58.955
39	52.627	54.533	55.857	57.181	59.086
40	52.752	54.659	55.984	57.31	59.216
41	52.875	54.784	56.11	57.437	59.346
42	52.997	54.908	56.236	57.564	59.474
43	53.119	55.031	56.36	57.689	59.601
44	53.239	55.153	56.483	57.814	59.728
45	53.358	55.274	56.606	57.937	59.853
46	53.477	55.394	56.727	58.06	59.977
47	53.594	55.513	56.847	58.181	60.1
48	53.71	55.631	56.967	58.302	60.223
49	53.827	55.749	57.085	58.421	60.343
50	53.941	55.865	57.203	58.54	60.464
51	54.055	55.981	57.319	58.658	60.583
52	54.168	56.095	57.435	58.775	60.702
53	54.28	56.209	57.55	58.89	60.819
54	54.391	56.322	57.664	59.006	60.936
55	54.502	56.434	57.777	59.12	61.052
56	54.611	56.545	57.889	59.233	61.166
57	54.72	56.655	58	59.345	61.28
58	54.829	56.765	58.111	59.457	61.393
59	54.935	56.873	58.221	59.568	61.506
60	55.042	56.982	58.33	59.678	61.618
61	55.148	57.089	58.438	59.788	61.729
62	55.253	57.196	58.546	59.897	61.84
63	55.358	57.302	58.654	60.005	61.949
64	55.463	57.408	58.76	60.113	62.058
65	55.566	57.513	58.866	60.22	62.167
66	55.669	57.617	58.972	60.326	62.275
67	55.771	57.721	59.077	60.432	62.382
68	55.873	57.824	59.181	60.537	62.489
69	55.974	57.927	59.284	60.642	62.595
70	56.074	58.028	59.387	60.746	62.701
71	56.174	58.13	59.489	60.849	62.805
72	56.273	58.23	59.591	60.952	62.909
73	56.371	58.33	59.692	61.054	63.013
74	56.469	58.43	59.792	61.155	63.116
75	56.567	58.529	59.892	61.255	63.217
76	56.664	58.627	59.991	61.355	63.318
77	56.76	58.724	60.089	61.455	63.419
78	56.855	58.821	60.187	61.554	63.52
79	56.95	58.917	60.284	61.652	63.619
80	57.044	59.012	60.381	61.749	63.718
81	57.137	59.107	60.477	61.846	63.816
82	57.23	59.202	60.572	61.942	63.914
83	57.323	59.295	60.667	62.038	64.01
84	57.414	59.388	60.761	62.133	64.107
85	57.506	59.481	60.854	62.227	64.202
86	57.596	59.573	60.947	62.32	64.297
87	57.685	59.664	61.039	62.414	64.392
88	57.775	59.754	61.13	62.506	64.486
89	57.864	59.844	61.221	62.598	64.579
90	57.952	59.934	61.312	62.689	64.671
91	58.039	60.023	61.401	62.78	64.763
92	58.126	60.111	61.49	62.87	64.854
93	58.213	60.199	61.579	62.959	64.945
94	58.298	60.286	61.667	63.048	65.036
95	58.384	60.372	61.754	63.136	65.125
96	58.468	60.458	61.841	63.224	65.214
97	58.553	60.544	61.927	63.311	65.302
98	58.636	60.628	62.013	63.398	65.39
99	58.719	60.713	62.098	63.484	65.477
100	58.801	60.796	62.183	63.569	65.564
101	58.884	60.879	62.267	63.654	65.649
102	58.965	60.962	62.35	63.738	65.735
103	59.046	61.044	62.433	63.821	65.82
104	59.126	61.125	62.515	63.905	65.904
105	59.205	61.206	62.597	63.987	65.988
106	59.285	61.287	62.678	64.069	66.071
107	59.363	61.366	62.758	64.151	66.154
108	59.441	61.445	62.838	64.232	66.236
109	59.519	61.524	62.918	64.312	66.317
110	59.596	61.602	62.997	64.391	66.398
111	59.672	61.68	63.075	64.471	66.478
112	59.748	61.757	63.153	64.55	66.558
113	59.823	61.834	63.231	64.628	66.638
114	59.899	61.91	63.308	64.705	66.716
115	59.974	61.985	63.384	64.782	66.794
116	60.048	62.061	63.46	64.859	66.872
117	60.121	62.135	63.535	64.935	66.949
118	60.194	62.209	63.61	65.011	67.026
119	60.266	62.283	63.684	65.086	67.102
120	60.338	62.356	63.758	65.16	67.178
121	60.41	62.428	63.831	65.234	67.253
122	60.481	62.5	63.904	65.308	67.328
123	60.551	62.572	63.977	65.381	67.402
124	60.621	62.643	64.048	65.454	67.475
125	60.691	62.714	64.12	65.526	67.548
126	60.76	62.784	64.191	65.597	67.621
127	60.829	62.854	64.261	65.668	67.693
128	60.897	62.923	64.331	65.739	67.765
129	60.965	62.992	64.401	65.809	67.836
130	61.033	63.06	64.47	65.879	67.907
131	61.1	63.128	64.538	65.948	67.977
132	61.166	63.196	64.607	66.018	68.048
133	61.232	63.263	64.674	66.086	68.117
134	61.298	63.33	64.742	66.154	68.186
135	61.363	63.396	64.809	66.222	68.254
136	61.429	63.462	64.876	66.289	68.322
137	61.492	63.527	64.942	66.356	68.391
138	61.557	63.593	65.007	66.422	68.458
139	61.621	63.658	65.073	66.488	68.525
140	61.685	63.722	65.138	66.554	68.591
141	61.747	63.786	65.203	66.62	68.658
142	61.81	63.85	65.267	66.685	68.724
143	61.873	63.913	65.331	66.749	68.789
144	61.934	63.976	65.395	66.814	68.855
145	61.996	64.038	65.458	66.877	68.919
146	62.057	64.1	65.521	66.941	68.985
147	62.118	64.163	65.583	67.004	69.048
148	62.18	64.224	65.646	67.067	69.112
149	62.239	64.285	65.708	67.13	69.176
150	62.3	64.346	65.769	67.192	69.238
151	62.359	64.407	65.83	67.254	69.302
152	62.419	64.467	65.891	67.315	69.364
153	62.477	64.527	65.952	67.377	69.426
154	62.536	64.587	66.012	67.437	69.488
155	62.594	64.646	66.072	67.498	69.55
156	62.653	64.705	66.132	67.558	69.61
157	62.71	64.764	66.191	67.618	69.672
158	62.767	64.822	66.25	67.678	69.733
159	62.825	64.88	66.309	67.737	69.793
160	62.882	64.938	66.367	67.797	69.853
161	62.939	64.996	66.426	67.855	69.912
162	62.995	65.053	66.484	67.914	69.972
163	63.051	65.11	66.541	67.972	70.032
164	63.107	65.167	66.599	68.03	70.09
165	63.163	65.223	66.656	68.088	70.149
166	63.218	65.279	66.713	68.146	70.207
167	63.273	65.336	66.769	68.203	70.265
168	63.328	65.391	66.825	68.26	70.323
169	63.382	65.447	66.882	68.316	70.381
170	63.436	65.502	66.937	68.373	70.439
171	63.49	65.557	66.993	68.429	70.496
172	63.545	65.612	67.048	68.485	70.552
173	63.598	65.666	67.104	68.541	70.609
174	63.651	65.72	67.158	68.597	70.666
175	63.704	65.774	67.213	68.652	70.722
176	63.757	65.828	67.268	68.707	70.778
177	63.811	65.882	67.322	68.762	70.833
178	63.863	65.935	67.376	68.817	70.889
179	63.915	65.989	67.43	68.871	70.945
180	63.967	66.042	67.484	68.926	71
181	64.019	66.094	67.537	68.98	71.055
182	64.071	66.147	67.59	69.034	71.11
183	64.122	66.199	67.644	69.088	71.165
184	64.173	66.252	67.696	69.141	71.22
185	64.224	66.304	67.749	69.194	71.274
186	64.275	66.356	67.802	69.248	71.328
187	64.326	66.407	67.854	69.301	71.382
188	64.377	66.459	67.906	69.354	71.436
189	64.427	66.51	67.958	69.406	71.489
190	64.477	66.561	68.01	69.459	71.543
191	64.527	66.613	68.062	69.511	71.596
192	64.577	66.663	68.113	69.563	71.649
193	64.627	66.714	68.165	69.615	71.702
194	64.677	66.765	68.216	69.667	71.755
195	64.726	66.815	68.267	69.719	71.807
196	64.776	66.865	68.318	69.77	71.86
197	64.824	66.915	68.369	69.822	71.913
198	64.873	66.965	68.419	69.873	71.965
199	64.922	67.015	68.47	69.924	72.017
200	64.971	67.064	68.52	69.975	72.069
201	65.019	67.114	68.57	70.026	72.12
202	65.068	67.163	68.62	70.076	72.172
203	65.115	67.212	68.67	70.127	72.224
204	65.163	67.261	68.72	70.178	72.276
205	65.212	67.31	68.769	70.228	72.327
206	65.26	67.359	68.819	70.278	72.377
207	65.306	67.407	68.868	70.328	72.429
208	65.354	67.456	68.917	70.378	72.48
209	65.402	67.505	68.966	70.428	72.53
210	65.45	67.553	69.015	70.477	72.581
211	65.496	67.601	69.064	70.527	72.632
212	65.543	67.649	69.113	70.577	72.682
213	65.591	67.697	69.162	70.626	72.732
214	65.637	67.745	69.21	70.675	72.783
215	65.684	67.793	69.258	70.724	72.833
216	65.731	67.84	69.307	70.773	72.883
217	65.776	67.887	69.355	70.822	72.934
218	65.823	67.935	69.403	70.871	72.983
219	65.869	67.982	69.451	70.92	73.034
220	65.915	68.029	69.499	70.969	73.083
221	65.962	68.077	69.547	71.017	73.132
222	66.007	68.123	69.595	71.066	73.182
223	66.053	68.17	69.642	71.114	73.231
224	66.098	68.217	69.69	71.162	73.281
225	66.144	68.264	69.737	71.21	73.33
226	66.189	68.31	69.784	71.259	73.379
227	66.235	68.357	69.832	71.306	73.428
228	66.28	68.403	69.879	71.354	73.477
229	66.326	68.45	69.926	71.402	73.526
230	66.37	68.496	69.973	71.45	73.575
231	66.416	68.542	70.02	71.497	73.623
232	66.46	68.588	70.067	71.545	73.673
233	66.506	68.634	70.113	71.592	73.721
234	66.55	68.68	70.16	71.64	73.77
235	66.595	68.726	70.206	71.687	73.817
236	66.639	68.771	70.253	71.735	73.866
237	66.685	68.817	70.299	71.782	73.914
238	66.729	68.862	70.346	71.829	73.963
239	66.773	68.908	70.392	71.876	74.011
240	66.818	68.954	70.438	71.923	74.059
241	66.861	68.999	70.484	71.97	74.107
242	66.905	69.044	70.53	72.017	74.156
243	66.95	69.089	70.576	72.064	74.203
244	66.993	69.134	70.622	72.11	74.251
245	67.038	69.18	70.668	72.157	74.298
246	67.082	69.225	70.714	72.204	74.347
247	67.125	69.269	70.76	72.25	74.395
248	67.169	69.315	70.806	72.296	74.442
249	67.213	69.359	70.851	72.343	74.489
250	67.256	69.404	70.897	72.39	74.537
251	67.299	69.448	70.942	72.436	74.585
252	67.343	69.493	70.988	72.482	74.632
253	67.386	69.538	71.033	72.528	74.68
254	67.429	69.582	71.078	72.575	74.727
255	67.472	69.626	71.124	72.621	74.775
256	67.516	69.671	71.169	72.666	74.821
257	67.559	69.715	71.214	72.712	74.868
258	67.602	69.759	71.259	72.758	74.916
259	67.645	69.803	71.304	72.804	74.963
260	67.688	69.848	71.349	72.85	75.009
261	67.731	69.892	71.394	72.896	75.056
262	67.773	69.936	71.439	72.941	75.104
263	67.816	69.979	71.483	72.987	75.151
264	67.858	70.023	71.528	73.033	75.197
265	67.902	70.067	71.573	73.078	75.243
266	67.944	70.111	71.617	73.123	75.29
267	67.986	70.155	71.662	73.169	75.337
268	68.028	70.198	71.706	73.214	75.384
269	68.071	70.241	71.75	73.259	75.43
270	68.113	70.285	71.795	73.305	75.477
271	68.155	70.328	71.839	73.35	75.523
272	68.197	70.371	71.883	73.395	75.57
273	68.24	70.415	71.927	73.439	75.615
274	68.281	70.458	71.971	73.485	75.661
275	68.323	70.501	72.015	73.529	75.708
276	68.365	70.544	72.059	73.574	75.754
277	68.407	70.587	72.103	73.619	75.8
278	68.448	70.63	72.147	73.664	75.846
279	68.49	70.673	72.191	73.709	75.892
280	68.531	70.716	72.235	73.753	75.938
281	68.573	70.759	72.278	73.798	75.984
282	68.614	70.801	72.322	73.842	76.03
283	68.655	70.844	72.366	73.887	76.076
284	68.696	70.887	72.409	73.931	76.121
285	68.738	70.929	72.452	73.976	76.167
286	68.779	70.972	72.496	74.02	76.213
287	68.82	71.014	72.539	74.064	76.258
288	68.861	71.056	72.582	74.108	76.303
289	68.902	71.098	72.625	74.152	76.349
290	68.943	71.141	72.668	74.196	76.394
291	68.984	71.183	72.712	74.24	76.439
292	69.024	71.225	72.754	74.284	76.485
293	69.065	71.267	72.797	74.328	76.53
294	69.106	71.309	72.84	74.372	76.575
295	69.146	71.351	72.883	74.415	76.62
296	69.187	71.393	72.926	74.459	76.665
297	69.227	71.434	72.968	74.502	76.709
298	69.268	71.476	73.011	74.546	76.754
299	69.307	71.517	73.054	74.59	76.8
300	69.347	71.559	73.096	74.633	76.845
301	69.387	71.6	73.138	74.677	76.889
302	69.428	71.642	73.181	74.72	76.934
303	69.468	71.683	73.223	74.763	76.978
304	69.508	71.724	73.265	74.806	77.023
305	69.548	71.766	73.308	74.849	77.067
306	69.588	71.807	73.35	74.892	77.112
307	69.626	71.848	73.392	74.936	77.157
308	69.666	71.889	73.434	74.979	77.201
309	69.706	71.93	73.476	75.021	77.245
310	69.746	71.971	73.518	75.064	77.289
311	69.786	72.012	73.559	75.107	77.333
312	69.825	72.053	73.601	75.15	77.377
313	69.864	72.093	73.643	75.193	77.422
314	69.903	72.134	73.685	75.235	77.466
315	69.943	72.175	73.726	75.278	77.51
316	69.982	72.215	73.768	75.32	77.553
317	70.021	72.256	73.809	75.362	77.597
318	70.059	72.296	73.851	75.405	77.642
319	70.099	72.336	73.892	75.447	77.685
320	70.138	72.377	73.933	75.49	77.729
321	70.177	72.417	73.975	75.532	77.772
322	70.215	72.457	74.016	75.574	77.817
323	70.254	72.497	74.057	75.616	77.86
324	70.293	72.538	74.098	75.658	77.903
325	70.332	72.578	74.139	75.7	77.946
326	70.369	72.617	74.18	75.743	77.991
327	70.408	72.657	74.221	75.784	78.034
328	70.447	72.698	74.262	75.826	78.077
329	70.485	72.737	74.303	75.868	78.121
330	70.523	72.777	74.343	75.91	78.163
331	70.562	72.817	74.384	75.951	78.206
332	70.6	72.856	74.425	75.993	78.249
333	70.638	72.896	74.465	76.035	78.293
334	70.676	72.935	74.506	76.076	78.336
335	70.715	72.975	74.546	76.118	78.378
336	70.752	73.014	74.587	76.159	78.422
337	70.79	73.054	74.627	76.201	78.464
338	70.828	73.093	74.668	76.242	78.507
339	70.865	73.132	74.708	76.284	78.55
340	70.903	73.172	74.748	76.325	78.593
341	70.942	73.211	74.788	76.366	78.635
342	70.978	73.25	74.829	76.407	78.679
343	71.017	73.289	74.869	76.448	78.721
344	71.054	73.328	74.909	76.489	78.763
345	71.091	73.367	74.949	76.53	78.806
346	71.129	73.406	74.989	76.571	78.848
347	71.166	73.445	75.029	76.612	78.891
348	71.203	73.483	75.068	76.653	78.933
349	71.241	73.522	75.108	76.694	78.975
350	71.278	73.561	75.148	76.735	79.018
351	71.315	73.6	75.188	76.775	79.06
352	71.352	73.638	75.227	76.816	79.103
353	71.389	73.677	75.267	76.857	79.144
354	71.427	73.716	75.307	76.897	79.186
355	71.463	73.754	75.346	76.938	79.229
356	71.501	73.792	75.386	76.979	79.27
357	71.537	73.831	75.425	77.019	79.313
358	71.574	73.869	75.464	77.06	79.355
359	71.61	73.907	75.504	77.1	79.397
360	71.648	73.946	75.543	77.14	79.439
361	71.684	73.984	75.582	77.181	79.481
362	71.721	74.022	75.622	77.221	79.522
363	71.758	74.06	75.661	77.261	79.564
364	71.794	74.098	75.7	77.302	79.606
365	71.831	74.137	75.739	77.342	79.647
366	71.867	74.174	75.778	77.382	79.689
367	71.904	74.212	75.817	77.422	79.731
368	71.94	74.25	75.856	77.462	79.773
369	71.976	74.288	75.895	77.502	79.814
370	72.012	74.326	75.934	77.542	79.856
371	72.049	74.364	75.973	77.582	79.897
372	72.085	74.401	76.012	77.622	79.939
373	72.121	74.439	76.051	77.662	79.98
374	72.157	74.477	76.089	77.702	80.022
375	72.194	74.515	76.128	77.741	80.062
376	72.229	74.552	76.167	77.781	80.104
377	72.265	74.59	76.205	77.821	80.145
378	72.301	74.627	76.244	77.861	80.187
379	72.337	74.665	76.282	77.9	80.227
380	72.373	74.702	76.321	77.94	80.269
381	72.408	74.739	76.359	77.979	80.31
382	72.444	74.776	76.398	78.019	80.351
383	72.479	74.813	76.436	78.058	80.392
384	72.516	74.851	76.474	78.097	80.433
385	72.551	74.888	76.512	78.137	80.474
386	72.587	74.925	76.551	78.176	80.514
387	72.622	74.962	76.589	78.216	80.556
388	72.658	74.999	76.627	78.254	80.596
389	72.693	75.036	76.665	78.294	80.637
390	72.728	75.073	76.703	78.333	80.678
391	72.764	75.11	76.741	78.372	80.718
392	72.798	75.147	76.779	78.411	80.76
393	72.834	75.184	76.817	78.45	80.8
394	72.869	75.22	76.855	78.489	80.841
395	72.904	75.257	76.893	78.528	80.882
396	72.939	75.294	76.93	78.567	80.921
397	72.974	75.33	76.968	78.606	80.962
398	73.01	75.367	77.006	78.645	81.002
399	73.044	75.403	77.044	78.684	81.043
400	73.079	75.44	77.081	78.723	81.084
401	73.114	75.477	77.119	78.761	81.123
402	73.148	75.513	77.156	78.8	81.164
403	73.183	75.549	77.194	78.839	81.205
404	73.218	75.586	77.231	78.877	81.244
405	73.252	75.622	77.269	78.916	81.285
406	73.288	75.658	77.306	78.954	81.324
407	73.322	75.694	77.343	78.992	81.365
408	73.356	75.73	77.381	79.031	81.405
409	73.391	75.767	77.418	79.069	81.444
410	73.425	75.803	77.455	79.108	81.485
411	73.459	75.839	77.492	79.146	81.525
412	73.495	75.875	77.53	79.184	81.564
413	73.528	75.911	77.567	79.222	81.605
414	73.562	75.946	77.604	79.261	81.645
415	73.597	75.983	77.641	79.299	81.684
416	73.631	76.018	77.678	79.337	81.724
417	73.665	76.054	77.715	79.375	81.764
418	73.7	76.09	77.751	79.413	81.803
419	73.734	76.126	77.788	79.451	81.843
420	73.767	76.161	77.825	79.489	81.883
421	73.802	76.197	77.862	79.527	81.922
422	73.836	76.232	77.899	79.565	81.962
423	73.869	76.268	77.935	79.603	82.002
424	73.904	76.304	77.972	79.64	82.04
425	73.937	76.339	78.009	79.678	82.08
426	73.971	76.374	78.045	79.716	82.12
427	74.004	76.41	78.082	79.754	82.159
428	74.039	76.445	78.118	79.791	82.198
429	74.072	76.48	78.155	79.829	82.237
430	74.105	76.516	78.191	79.867	82.277
431	74.14	76.551	78.228	79.904	82.315
432	74.173	76.586	78.264	79.941	82.355
433	74.206	76.621	78.3	79.979	82.394
434	74.239	76.656	78.336	80.017	82.434
435	74.273	76.692	78.373	80.054	82.472
436	74.306	76.727	78.409	80.091	82.511
437	74.339	76.761	78.445	80.129	82.551
438	74.372	76.796	78.481	80.166	82.59
439	74.406	76.832	78.517	80.203	82.628
440	74.439	76.866	78.553	80.24	82.667
441	74.472	76.901	78.589	80.278	82.707
442	74.505	76.936	78.625	80.315	82.746
443	74.539	76.971	78.661	80.352	82.784
444	74.572	77.006	78.697	80.389	82.823
445	74.605	77.04	78.733	80.426	82.862
446	74.637	77.075	78.769	80.463	82.901
447	74.671	77.11	78.805	80.5	82.939
448	74.704	77.144	78.841	80.537	82.978
449	74.736	77.179	78.876	80.574	83.016
450	74.769	77.213	78.912	80.611	83.055
451	74.803	77.248	78.948	80.648	83.093
452	74.835	77.282	78.984	80.685	83.132
453	74.868	77.317	79.019	80.721	83.17
454	74.9	77.351	79.055	80.758	83.209
455	74.933	77.385	79.09	80.795	83.248
456	74.966	77.42	79.126	80.831	83.285
457	74.999	77.454	79.161	80.868	83.324
458	75.031	77.489	79.197	80.905	83.363
459	75.063	77.523	79.232	80.942	83.401
460	75.095	77.557	79.268	80.978	83.44
461	75.129	77.591	79.303	81.015	83.477
462	75.161	77.625	79.338	81.051	83.516
463	75.193	77.659	79.374	81.088	83.554
464	75.225	77.693	79.409	81.124	83.593
465	75.257	77.727	79.444	81.161	83.631
466	75.291	77.762	79.479	81.197	83.668
467	75.323	77.796	79.515	81.233	83.706
468	75.355	77.829	79.55	81.27	83.745
469	75.387	77.863	79.585	81.306	83.783
470	75.419	77.897	79.62	81.343	83.821
471	75.45	77.931	79.655	81.379	83.859
472	75.484	77.965	79.69	81.415	83.896
473	75.515	77.999	79.725	81.451	83.934
474	75.547	78.032	79.76	81.487	83.972
475	75.579	78.066	79.795	81.523	84.01
476	75.611	78.1	79.83	81.56	84.049
477	75.642	78.133	79.864	81.596	84.086
478	75.675	78.167	79.899	81.631	84.123
479	75.707	78.201	79.934	81.667	84.161
480	75.739	78.234	79.969	81.703	84.199
481	75.77	78.268	80.004	81.74	84.237
482	75.802	78.301	80.038	81.776	84.275
483	75.833	78.334	80.073	81.811	84.313
484	75.865	78.368	80.108	81.847	84.35
485	75.898	78.402	80.142	81.883	84.387
486	75.929	78.435	80.177	81.919	84.425
487	75.96	78.468	80.211	81.954	84.462
488	75.992	78.501	80.246	81.99	84.5
489	76.023	78.535	80.28	82.026	84.538
490	76.054	78.568	80.315	82.062	84.575
491	76.086	78.601	80.349	82.098	84.613
492	76.118	78.635	80.384	82.133	84.649
493	76.15	78.668	80.418	82.168	84.687
494	76.181	78.701	80.452	82.204	84.724
495	76.212	78.734	80.487	82.24	84.762
496	76.243	78.767	80.521	82.275	84.799
497	76.274	78.8	80.555	82.311	84.836
498	76.305	78.833	80.59	82.346	84.874
499	76.336	78.866	80.624	82.382	84.911
500	76.367	78.898	80.658	82.417	84.948
501	76.4	78.932	80.692	82.452	84.984
502	76.431	78.965	80.726	82.488	85.022
503	76.462	78.997	80.76	82.523	85.059
504	76.492	79.03	80.794	82.558	85.096
505	76.523	79.063	80.828	82.593	85.133
506	76.554	79.096	80.862	82.629	85.17
507	76.585	79.128	80.896	82.664	85.207
508	76.616	79.161	80.93	82.699	85.244
509	76.647	79.194	80.964	82.734	85.281
510	76.677	79.226	80.998	82.77	85.318
511	76.708	79.259	81.032	82.805	85.355
512	76.739	79.291	81.066	82.84	85.392
513	76.77	79.324	81.099	82.874	85.428
514	76.801	79.357	81.133	82.909	85.465
515	76.832	79.389	81.167	82.944	85.502
516	76.862	79.422	81.2	82.979	85.539
517	76.893	79.454	81.234	83.014	85.575
518	76.923	79.486	81.268	83.049	85.612
519	76.954	79.519	81.301	83.084	85.649
520	76.984	79.551	81.335	83.119	85.685
521	77.015	79.583	81.368	83.154	85.722
522	77.045	79.615	81.402	83.189	85.759
523	77.075	79.647	81.435	83.223	85.795
524	77.106	79.68	81.469	83.258	85.832
525	77.136	79.712	81.502	83.293	85.869
526	77.166	79.744	81.536	83.327	85.905
527	77.196	79.776	81.569	83.362	85.942
528	77.227	79.808	81.602	83.397	85.978
529	77.257	79.84	81.636	83.431	86.014
530	77.288	79.873	81.669	83.465	86.05
531	77.318	79.905	81.702	83.5	86.086
532	77.348	79.936	81.735	83.534	86.122
533	77.379	79.968	81.769	83.569	86.158
534	77.409	80	81.802	83.603	86.195
535	77.439	80.032	81.835	83.638	86.231
536	77.469	80.064	81.868	83.672	86.267
537	77.498	80.096	81.901	83.706	86.303
538	77.528	80.127	81.934	83.741	86.34
539	77.558	80.159	81.967	83.775	86.376
540	77.588	80.191	82	83.809	86.412
541	77.618	80.222	82.033	83.843	86.448
542	77.648	80.254	82.066	83.878	86.484
543	77.677	80.286	82.099	83.912	86.52
544	77.707	80.317	82.132	83.946	86.556
545	77.737	80.349	82.164	83.98	86.592
546	77.767	80.38	82.197	84.014	86.628
547	77.796	80.412	82.23	84.048	86.664
548	77.826	80.443	82.263	84.082	86.7
549	77.856	80.475	82.296	84.116	86.735
550	77.885	80.506	82.328	84.15	86.771
551	77.915	80.538	82.361	84.184	86.807
552	77.944	80.569	82.394	84.218	86.843
553	77.974	80.6	82.426	84.252	86.879
554	78.003	80.632	82.459	84.286	86.914
555	78.033	80.663	82.491	84.32	86.95
556	78.062	80.694	82.524	84.353	86.985
557	78.091	80.725	82.556	84.387	87.021
558	78.121	80.757	82.589	84.421	87.057
559	78.15	80.788	82.621	84.455	87.092
560	78.179	80.819	82.654	84.488	87.128
561	78.209	80.85	82.686	84.522	87.163
562	78.238	80.881	82.718	84.555	87.199
563	78.267	80.912	82.751	84.589	87.234
564	78.296	80.943	82.783	84.623	87.269
565	78.325	80.974	82.815	84.656	87.305
566	78.354	81.005	82.847	84.69	87.34
567	78.384	81.036	82.88	84.723	87.375
568	78.413	81.067	82.912	84.757	87.411
569	78.442	81.098	82.944	84.79	87.446
570	78.471	81.128	82.976	84.823	87.481
571	78.5	81.159	83.008	84.857	87.516
572	78.528	81.19	83.04	84.89	87.552
573	78.557	81.221	83.072	84.923	87.587
574	78.586	81.252	83.104	84.957	87.622
575	78.615	81.282	83.136	84.99	87.657
576	78.643	81.312	83.168	85.024	87.693
577	78.671	81.343	83.2	85.057	87.728
578	78.7	81.374	83.232	85.09	87.763
579	78.729	81.404	83.264	85.123	87.798
580	78.758	81.435	83.296	85.156	87.833
581	78.786	81.465	83.327	85.189	87.868
582	78.815	81.496	83.359	85.222	87.903
583	78.844	81.526	83.391	85.255	87.938
584	78.872	81.557	83.423	85.288	87.973
585	78.901	81.587	83.454	85.321	88.008
586	78.93	81.618	83.486	85.354	88.042
587	78.958	81.648	83.518	85.387	88.077
588	78.987	81.678	83.549	85.42	88.112
589	79.015	81.709	83.581	85.453	88.146
590	79.044	81.739	83.612	85.486	88.181
591	79.072	81.769	83.644	85.519	88.216
592	79.1	81.799	83.675	85.551	88.25
593	79.129	81.83	83.707	85.584	88.285
594	79.157	81.86	83.738	85.617	88.32
595	79.186	81.89	83.77	85.65	88.354
596	79.212	81.92	83.801	85.683	88.39
597	79.241	81.95	83.833	85.716	88.424
598	79.269	81.98	83.864	85.748	88.459
599	79.297	82.01	83.895	85.781	88.493
600	79.326	82.04	83.927	85.813	88.528
601	79.354	82.07	83.958	85.846	88.562
602	79.382	82.1	83.989	85.878	88.597
603	79.41	82.13	84.021	85.911	88.631
604	79.438	82.16	84.052	85.944	88.665
605	79.466	82.19	84.083	85.976	88.699
606	79.494	82.22	84.114	86.008	88.734
607	79.522	82.25	84.145	86.041	88.768
608	79.55	82.279	84.176	86.073	88.802
609	79.578	82.309	84.207	86.106	88.836
610	79.605	82.339	84.239	86.138	88.872
611	79.633	82.368	84.27	86.171	88.906
612	79.661	82.398	84.301	86.203	88.94
613	79.689	82.428	84.332	86.235	88.974
614	79.717	82.458	84.363	86.268	89.008
615	79.745	82.487	84.394	86.3	89.042
616	79.772	82.517	84.425	86.332	89.077
617	79.8	82.547	84.455	86.364	89.111
618	79.828	82.576	84.486	86.396	89.144
619	79.856	82.606	84.517	86.429	89.178
620	79.884	82.635	84.548	86.461	89.212
621	79.91	82.664	84.579	86.493	89.248
622	79.938	82.694	84.61	86.525	89.281
623	79.965	82.723	84.64	86.557	89.315
624	79.993	82.753	84.671	86.589	89.349
625	80.02	82.782	84.702	86.621	89.383
626	80.048	82.812	84.732	86.653	89.417
627	80.076	82.841	84.763	86.685	89.45
628	80.103	82.87	84.794	86.717	89.484
629	80.131	82.9	84.824	86.749	89.518
630	80.158	82.929	84.855	86.781	89.552
631	80.184	82.958	84.886	86.813	89.587
632	80.212	82.987	84.916	86.845	89.62
633	80.239	83.016	84.947	86.877	89.654
634	80.267	83.045	84.977	86.909	89.687
635	80.294	83.075	85.008	86.94	89.721
636	80.321	83.104	85.038	86.972	89.754
637	80.349	83.133	85.068	87.004	89.788
638	80.376	83.162	85.099	87.035	89.821
639	80.403	83.191	85.129	87.067	89.855
640	80.429	83.22	85.159	87.099	89.89
641	80.456	83.249	85.19	87.131	89.923
642	80.484	83.278	85.22	87.162	89.956
643	80.511	83.307	85.25	87.194	89.99
644	80.538	83.336	85.281	87.225	90.023
645	80.565	83.365	85.311	87.257	90.057
646	80.592	83.394	85.341	87.288	90.09
647	80.619	83.423	85.371	87.32	90.123
648	80.646	83.451	85.401	87.351	90.156
649	80.672	83.48	85.431	87.383	90.191
650	80.699	83.509	85.462	87.414	90.224
651	80.726	83.537	85.492	87.446	90.257
652	80.753	83.566	85.522	87.477	90.29
653	80.78	83.595	85.552	87.508	90.324
654	80.807	83.624	85.582	87.54	90.357
655	80.834	83.652	85.612	87.571	90.39
656	80.861	83.681	85.642	87.602	90.423
657	80.886	83.709	85.672	87.634	90.457
658	80.913	83.738	85.702	87.665	90.49
659	80.94	83.767	85.731	87.696	90.523
660	80.967	83.795	85.761	87.727	90.556
661	80.993	83.824	85.791	87.759	90.589
662	81.02	83.852	85.821	87.79	90.622
663	81.047	83.881	85.851	87.821	90.655
664	81.072	83.909	85.881	87.852	90.689
665	81.099	83.937	85.91	87.883	90.722
666	81.125	83.966	85.94	87.914	90.755
667	81.152	83.994	85.97	87.945	90.788
668	81.179	84.023	86	87.976	90.82
669	81.205	84.051	86.029	88.007	90.853
670	81.232	84.08	86.059	88.038	90.886
671	81.258	84.108	86.089	88.069	90.919
672	81.284	84.136	86.118	88.101	90.953
673	81.31	84.164	86.148	88.131	90.985
674	81.337	84.192	86.177	88.162	91.018
675	81.363	84.221	86.207	88.193	91.051
676	81.389	84.249	86.236	88.224	91.083
677	81.416	84.277	86.266	88.255	91.116
678	81.442	84.305	86.295	88.285	91.148
679	81.467	84.333	86.325	88.317	91.182
680	81.494	84.361	86.354	88.347	91.215
681	81.52	84.389	86.384	88.378	91.247
682	81.546	84.417	86.413	88.409	91.28
683	81.573	84.446	86.443	88.439	91.312
684	81.599	84.474	86.472	88.47	91.345
685	81.625	84.502	86.501	88.501	91.377
686	81.65	84.529	86.531	88.532	91.411
687	81.676	84.557	86.56	88.562	91.443
688	81.703	84.585	86.589	88.593	91.476
689	81.729	84.613	86.618	88.623	91.508
690	81.755	84.641	86.648	88.654	91.541
691	81.781	84.669	86.677	88.685	91.573
692	81.807	84.697	86.706	88.715	91.605
693	81.832	84.725	86.735	88.746	91.639
694	81.858	84.753	86.765	88.776	91.671
695	81.884	84.78	86.794	88.807	91.703
696	81.91	84.808	86.823	88.837	91.735
697	81.936	84.836	86.852	88.868	91.768
698	81.962	84.864	86.881	88.898	91.8
699	81.988	84.892	86.91	88.928	91.832
700	82.013	84.919	86.939	88.959	91.866
701	82.039	84.947	86.968	88.99	91.898
702	82.065	84.975	86.997	89.02	91.93
703	82.091	85.002	87.026	89.05	91.962
704	82.116	85.03	87.055	89.08	91.994
705	82.142	85.058	87.084	89.111	92.026
706	82.168	85.085	87.113	89.141	92.058
707	82.193	85.112	87.142	89.172	92.091
708	82.218	85.14	87.171	89.202	92.123
709	82.244	85.168	87.2	89.232	92.155
710	82.27	85.195	87.229	89.262	92.187
711	82.296	85.223	87.258	89.292	92.219
712	82.322	85.25	87.286	89.322	92.251
713	82.347	85.278	87.315	89.352	92.283
714	82.372	85.305	87.344	89.383	92.316
715	82.397	85.332	87.373	89.413	92.348
716	82.423	85.36	87.401	89.443	92.38
717	82.449	85.387	87.43	89.473	92.412
718	82.474	85.415	87.459	89.503	92.444
719	82.5	85.442	87.488	89.533	92.475
720	82.525	85.47	87.516	89.563	92.507
721	82.55	85.497	87.545	89.593	92.54
722	82.575	85.524	87.574	89.623	92.572
723	82.601	85.551	87.602	89.653	92.604
724	82.626	85.579	87.631	89.683	92.635
725	82.652	85.606	87.659	89.713	92.667
726	82.677	85.633	87.688	89.742	92.698
727	82.703	85.66	87.716	89.772	92.73
728	82.727	85.687	87.745	89.803	92.763
729	82.752	85.714	87.773	89.832	92.795
730	82.777	85.741	87.802	89.862	92.826
731	82.103	85.069	87.13	89.192	92.158
732	82.128	85.096	87.159	89.222	92.189
733	82.153	85.123	87.187	89.251	92.221
734	82.179	85.15	87.216	89.281	92.252
735	82.203	85.177	87.244	89.311	92.285
736	82.228	85.204	87.272	89.341	92.317
737	82.253	85.231	87.301	89.37	92.348
738	82.278	85.258	87.329	89.4	92.379
739	82.304	85.285	87.357	89.429	92.411
740	82.329	85.312	87.385	89.459	92.442
741	82.354	85.339	87.414	89.488	92.473
742	82.378	85.365	87.442	89.519	92.506
743	82.403	85.392	87.47	89.548	92.537
744	82.428	85.419	87.498	89.577	92.569
745	82.453	85.446	87.526	89.607	92.6
746	82.478	85.473	87.555	89.636	92.631
747	82.503	85.5	87.583	89.666	92.662
748	82.528	85.527	87.611	89.695	92.693
749	82.553	85.553	87.639	89.724	92.725
750	82.577	85.579	87.667	89.754	92.757
751	82.602	85.606	87.695	89.783	92.788
752	82.626	85.633	87.723	89.813	92.819
753	82.651	85.66	87.751	89.842	92.85
754	82.676	85.686	87.779	89.871	92.881
755	82.701	85.713	87.807	89.9	92.912
756	82.726	85.74	87.835	89.929	92.943
757	82.749	85.766	87.863	89.959	92.976
758	82.774	85.792	87.89	89.988	93.007
759	82.799	85.819	87.918	90.017	93.037
760	82.824	85.846	87.946	90.046	93.068
761	82.848	85.872	87.974	90.075	93.099
762	82.873	85.899	88.002	90.104	93.13
763	82.898	85.925	88.029	90.133	93.161
764	82.922	85.951	88.057	90.163	93.192
765	82.945	85.977	88.085	90.192	93.224
766	82.97	86.004	88.112	90.221	93.254
767	82.995	86.03	88.14	90.25	93.285
768	83.019	86.056	88.168	90.279	93.316
769	83.044	86.083	88.195	90.308	93.347
770	83.068	86.109	88.223	90.336	93.377
771	83.093	86.135	88.25	90.365	93.408
772	83.116	86.161	88.278	90.395	93.44
773	83.14	86.187	88.305	90.423	93.47
774	83.165	86.214	88.333	90.452	93.501
775	83.189	86.24	88.36	90.481	93.531
776	83.213	86.266	88.388	90.509	93.562
777	83.238	86.292	88.415	90.538	93.592
778	83.262	86.318	88.443	90.567	93.623
779	83.286	86.344	88.47	90.595	93.653
780	83.309	86.37	88.497	90.625	93.685
781	83.334	86.396	88.525	90.653	93.715
782	83.358	86.422	88.552	90.682	93.746
783	83.382	86.448	88.579	90.71	93.776
784	83.406	86.474	88.606	90.739	93.806
785	83.43	86.5	88.634	90.767	93.837
786	83.454	86.526	88.661	90.796	93.867
787	83.479	86.552	88.688	90.824	93.897
788	83.503	86.578	88.715	90.852	93.927
789	83.525	86.603	88.742	90.881	93.959
790	83.549	86.629	88.769	90.91	93.989
791	83.573	86.655	88.796	90.938	94.019
792	83.597	86.68	88.823	90.966	94.049
793	83.621	86.706	88.85	90.995	94.08
794	83.645	86.732	88.878	91.023	94.11
795	83.669	86.758	88.904	91.051	94.14
796	83.693	86.783	88.931	91.079	94.17
797	83.717	86.809	88.958	91.108	94.2
798	83.739	86.834	88.985	91.136	94.231
799	83.763	86.86	89.012	91.165	94.261
800	83.787	86.885	89.039	91.193	94.291
801	83.811	86.911	89.066	91.221	94.321
802	83.835	86.937	89.093	91.249	94.351
803	83.858	86.962	89.12	91.277	94.381
804	83.882	86.988	89.146	91.305	94.41
805	83.906	87.013	89.173	91.333	94.44
806	83.93	87.039	89.2	91.361	94.47
807	83.953	87.064	89.227	91.389	94.5
808	83.976	87.089	89.253	91.418	94.531
809	83.999	87.114	89.28	91.445	94.561
810	84.023	87.14	89.307	91.473	94.59
811	84.046	87.165	89.333	91.501	94.62
812	84.07	87.191	89.36	91.529	94.65
813	84.093	87.216	89.386	91.557	94.679
814	84.117	87.241	89.413	91.585	94.709
815	84.14	87.267	89.44	91.612	94.739
816	84.164	87.292	89.466	91.64	94.768
817	84.187	87.317	89.493	91.668	94.798
818	84.211	87.342	89.519	91.696	94.827
819	84.233	87.367	89.546	91.724	94.858
820	84.256	87.392	89.572	91.752	94.888
821	84.279	87.417	89.598	91.779	94.917
822	84.303	87.442	89.625	91.807	94.947
823	84.326	87.467	89.651	91.835	94.976
824	84.349	87.493	89.677	91.862	95.005
825	84.373	87.518	89.704	91.89	95.035
826	84.396	87.543	89.73	91.917	95.064
827	84.419	87.568	89.756	91.945	95.093
828	84.442	87.593	89.783	91.972	95.123
829	84.466	87.618	89.809	92	95.152
830	84.489	87.643	89.835	92.027	95.181
831	84.51	87.667	89.861	92.055	95.212
832	84.534	87.692	89.887	92.083	95.241
833	84.557	87.717	89.913	92.11	95.27
834	84.58	87.742	89.94	92.137	95.299
835	84.603	87.767	89.966	92.165	95.328
836	84.626	87.791	89.992	92.192	95.358
837	84.649	87.816	90.018	92.219	95.387
838	84.672	87.841	90.044	92.247	95.416
839	84.695	87.866	90.07	92.274	95.445
840	84.718	87.89	90.096	92.301	95.474
841	84.741	87.915	90.122	92.328	95.503
842	84.764	87.94	90.148	92.355	95.532
843	84.786	87.964	90.174	92.383	95.561
844	84.809	87.989	90.199	92.41	95.589
845	84.832	88.014	90.225	92.437	95.618
846	84.853	88.038	90.251	92.464	95.649
847	84.876	88.062	90.277	92.491	95.678
848	84.899	88.087	90.303	92.518	95.706
849	84.922	88.111	90.328	92.545	95.735
850	84.944	88.136	90.354	92.572	95.764
851	84.967	88.16	90.38	92.599	95.793
852	84.99	88.185	90.406	92.626	95.821
853	85.012	88.209	90.431	92.653	95.85
854	85.035	88.234	90.457	92.68	95.879
855	85.058	88.258	90.483	92.707	95.907
856	85.08	88.282	90.508	92.734	95.936
857	85.103	88.307	90.534	92.761	95.965
858	85.125	88.331	90.559	92.787	95.993
859	85.148	88.355	90.585	92.814	96.022
860	85.17	88.38	90.61	92.841	96.05
861	85.193	88.404	90.636	92.868	96.079
862	85.215	88.428	90.661	92.894	96.107
863	85.238	88.452	90.687	92.921	96.136
864	85.26	88.476	90.712	92.948	96.164
865	85.282	88.501	90.738	92.974	96.193
866	85.305	88.525	90.763	93.001	96.221
867	85.327	88.549	90.788	93.028	96.249
868	85.348	88.572	90.814	93.055	96.279
869	85.37	88.596	90.839	93.081	96.307
870	85.392	88.62	90.864	93.108	96.336
871	85.415	88.644	90.889	93.134	96.364
872	85.437	88.668	90.915	93.161	96.392
873	85.459	88.692	90.94	93.187	96.421
874	85.481	88.716	90.965	93.214	96.449
875	85.503	88.74	90.99	93.24	96.477
876	85.526	88.764	91.015	93.266	96.505
877	85.548	88.788	91.04	93.293	96.533
878	85.57	88.812	91.066	93.319	96.561
879	85.592	88.836	91.091	93.345	96.589
880	85.614	88.86	91.116	93.372	96.617
881	85.636	88.883	91.141	93.398	96.645
882	85.658	88.907	91.166	93.424	96.673
883	85.68	88.931	91.191	93.45	96.701
884	85.702	88.954	91.216	93.477	96.729
885	85.724	88.978	91.241	93.503	96.757
886	85.746	89.002	91.265	93.529	96.785
887	85.767	89.026	91.29	93.555	96.813
888	85.789	89.049	91.315	93.581	96.841
889	85.811	89.073	91.34	93.607	96.869
890	85.833	89.096	91.365	93.633	96.897
891	85.855	89.12	91.39	93.659	96.924
892	85.877	89.144	91.414	93.685	96.952
893	85.898	89.167	91.439	93.711	96.98
894	85.92	89.191	91.464	93.737	97.008
895	85.942	89.214	91.489	93.763	97.035
896	85.963	89.238	91.513	93.789	97.063
897	85.985	89.261	91.538	93.815	97.091
898	86.007	89.284	91.563	93.841	97.118
899	86.028	89.308	91.587	93.867	97.146
900	86.05	89.331	91.612	93.893	97.174
901	86.072	89.354	91.636	93.918	97.201
902	86.093	89.378	91.661	93.944	97.229
903	86.115	89.401	91.686	93.97	97.256
904	86.136	89.424	91.71	93.996	97.284
905	86.158	89.448	91.735	94.021	97.311
906	86.179	89.471	91.759	94.047	97.339
907	86.201	89.494	91.783	94.073	97.366
908	86.222	89.517	91.808	94.098	97.394
909	86.243	89.541	91.832	94.124	97.421
910	86.265	89.564	91.857	94.15	97.448
911	86.286	89.587	91.881	94.175	97.476
912	86.307	89.61	91.905	94.201	97.503
913	86.329	89.633	91.93	94.226	97.531
914	86.35	89.656	91.954	94.252	97.558
915	86.371	89.679	91.978	94.277	97.585
916	86.393	89.702	92.003	94.303	97.612
917	86.414	89.725	92.027	94.328	97.64
918	86.435	89.748	92.051	94.354	97.667
919	86.456	89.771	92.075	94.379	97.694
920	86.478	89.794	92.099	94.405	97.721
921	86.5	89.818	92.124	94.429	97.747
922	86.521	89.84	92.148	94.455	97.774
923	86.542	89.863	92.172	94.48	97.801
924	86.564	89.886	92.196	94.505	97.828
925	86.585	89.909	92.22	94.531	97.855
926	86.606	89.932	92.244	94.556	97.882
927	86.627	89.955	92.268	94.581	97.909
928	86.648	89.978	92.292	94.606	97.936
929	86.669	90	92.316	94.632	97.963
930	86.69	90.023	92.34	94.657	97.99
931	86.711	90.046	92.364	94.682	98.017
932	86.732	90.069	92.388	94.707	98.044
933	86.753	90.091	92.412	94.732	98.071
934	86.774	90.114	92.436	94.757	98.098
935	86.794	90.136	92.46	94.783	98.125
936	86.815	90.159	92.483	94.808	98.151
937	86.836	90.182	92.507	94.833	98.178
938	86.857	90.204	92.531	94.858	98.205
939	86.878	90.227	92.555	94.883	98.232
940	86.899	90.249	92.579	94.908	98.259
941	86.921	90.273	92.602	94.932	98.284
942	86.942	90.295	92.626	94.957	98.311
943	86.962	90.318	92.65	94.982	98.337
944	86.983	90.34	92.674	95.007	98.364
945	87.004	90.362	92.697	95.032	98.39
946	87.024	90.385	92.721	95.057	98.417
947	87.045	90.407	92.744	95.081	98.444
948	87.066	90.43	92.768	95.106	98.47
949	87.086	90.452	92.792	95.131	98.497
950	87.107	90.474	92.815	95.156	98.523
951	87.128	90.497	92.839	95.181	98.55
952	87.148	90.519	92.862	95.205	98.576
953	87.169	90.541	92.886	95.23	98.603
954	87.189	90.564	92.909	95.255	98.629
955	87.211	90.587	92.933	95.279	98.654
956	87.232	90.609	92.956	95.304	98.681
957	87.252	90.631	92.98	95.328	98.707
958	87.273	90.653	93.003	95.353	98.734
959	87.293	90.675	93.027	95.378	98.76
960	87.313	90.698	93.05	95.402	98.786
961	87.334	90.72	93.073	95.427	98.813
962	87.354	90.742	93.097	95.451	98.839
963	87.375	90.764	93.12	95.476	98.865
964	87.395	90.786	93.143	95.5	98.892
965	87.415	90.808	93.167	95.525	98.918
966	87.437	90.831	93.19	95.549	98.943
967	87.457	90.853	93.213	95.573	98.969
968	87.478	90.875	93.236	95.598	98.995
969	87.498	90.897	93.26	95.622	99.021
970	87.518	90.919	93.283	95.647	99.047
971	87.538	90.941	93.306	95.671	99.073
972	87.558	90.963	93.329	95.695	99.1
973	87.579	90.985	93.352	95.72	99.126
974	87.599	91.007	93.375	95.744	99.152
975	87.619	91.028	93.398	95.768	99.178
976	87.641	91.051	93.422	95.792	99.202
977	87.661	91.073	93.445	95.816	99.228
978	87.681	91.095	93.468	95.841	99.254
979	87.701	91.116	93.491	95.865	99.28
980	87.721	91.138	93.514	95.889	99.306
981	87.741	91.16	93.537	95.913	99.332
982	87.761	91.182	93.56	95.937	99.358
983	87.781	91.204	93.583	95.962	99.384
984	87.803	91.226	93.606	95.985	99.409
985	87.823	91.248	93.629	96.009	99.434
986	87.842	91.269	93.651	96.033	99.46
987	87.862	91.291	93.674	96.058	99.486
988	87.882	91.313	93.697	96.082	99.512
989	87.902	91.334	93.72	96.106	99.538
990	87.922	91.356	93.743	96.13	99.564
991	87.942	91.378	93.766	96.154	99.59
992	87.963	91.4	93.789	96.177	99.614
993	87.983	91.422	93.811	96.201	99.64
994	88.003	91.443	93.834	96.225	99.665
995	88.023	91.465	93.857	96.249	99.691
996	88.043	91.486	93.88	96.273	99.717
997	88.062	91.508	93.902	96.297	99.742
998	88.082	91.529	93.925	96.321	99.768
999	88.104	91.551	93.948	96.344	99.792
1000	88.123	91.573	93.971	96.368	99.818
1001	88.143	91.594	93.993	96.392	99.843
1002	88.163	91.616	94.016	96.416	99.869
1003	88.182	91.637	94.039	96.44	99.895
1004	88.202	91.659	94.061	96.464	99.92
1005	88.222	91.68	94.084	96.488	99.946
1006	88.243	91.702	94.106	96.511	99.97
1007	88.263	91.723	94.129	96.535	99.995
1008	88.282	91.745	94.152	96.558	100.021
1009	88.302	91.766	94.174	96.582	100.046
1010	88.321	91.787	94.197	96.606	100.072
1011	88.341	91.809	94.219	96.63	100.097
1012	88.362	91.831	94.242	96.653	100.121
1013	88.382	91.852	94.264	96.676	100.147
1014	88.401	91.873	94.287	96.7	100.172
1015	88.421	91.895	94.309	96.724	100.198
1016	88.44	91.916	94.332	96.748	100.223
1017	88.46	91.937	94.354	96.771	100.249
1018	88.481	91.959	94.377	96.794	100.272
1019	88.5	91.98	94.399	96.818	100.298
1020	88.52	92.001	94.421	96.841	100.323
1021	88.539	92.023	94.444	96.865	100.349
1022	88.559	92.044	94.466	96.889	100.374
1023	88.579	92.065	94.489	96.912	100.398
1024	88.599	92.087	94.511	96.935	100.423
1025	88.618	92.108	94.533	96.959	100.448
1026	88.638	92.129	94.556	96.982	100.474
1027	88.657	92.15	94.578	97.006	100.499
1028	88.676	92.171	94.6	97.029	100.524
1029	88.697	92.193	94.623	97.052	100.548
1030	88.717	92.214	94.645	97.076	100.573
1031	88.736	92.235	94.667	97.099	100.598
1032	88.755	92.256	94.689	97.123	100.623
1033	88.774	92.277	94.712	97.146	100.649
1034	88.795	92.299	94.734	97.169	100.672
1035	88.815	92.32	94.756	97.192	100.697
1036	88.834	92.341	94.778	97.216	100.723
1037	88.853	92.362	94.8	97.239	100.748
1038	88.872	92.383	94.823	97.262	100.773
1039	88.893	92.404	94.845	97.285	100.796
1040	88.912	92.425	94.867	97.309	100.821
1041	88.931	92.446	94.889	97.332	100.847
1042	88.951	92.467	94.911	97.355	100.872
1043	88.97	92.488	94.933	97.379	100.897
1044	88.99	92.509	94.955	97.401	100.92
1045	89.01	92.53	94.977	97.425	100.945
1046	89.029	92.551	95	97.448	100.97
1047	89.048	92.572	95.022	97.471	100.995
1048	89.069	92.593	95.044	97.494	101.019
1049	89.088	92.614	95.066	97.517	101.044
1050	89.107	92.635	95.088	97.54	101.069
1051	89.126	92.656	95.11	97.563	101.094
1052	89.145	92.677	95.132	97.587	101.119
1053	89.165	92.698	95.154	97.609	101.142
1054	89.185	92.719	95.176	97.632	101.167
1055	89.204	92.74	95.198	97.656	101.192
1056	89.223	92.761	95.22	97.679	101.217
1057	89.243	92.782	95.242	97.701	101.24
1058	89.262	92.803	95.264	97.725	101.265
1059	89.281	92.823	95.286	97.748	101.29
1060	89.3	92.844	95.307	97.771	101.315
1061	89.319	92.865	95.329	97.794	101.34
1062	89.34	92.886	95.351	97.816	101.363
1063	89.359	92.907	95.373	97.839	101.388
1064	89.377	92.927	95.395	97.862	101.412
1065	89.396	92.948	95.417	97.886	101.437
1066	89.417	92.969	95.439	97.908	101.46
1067	89.436	92.99	95.461	97.931	101.485
1068	89.455	93.011	95.482	97.954	101.51
1069	89.473	93.031	95.504	97.977	101.535
1070	89.494	93.052	95.526	97.999	101.558
1071	89.513	93.073	95.548	98.022	101.583
1072	89.532	93.094	95.57	98.045	101.607
1073	89.55	93.114	95.591	98.068	101.632
1074	89.571	93.135	95.613	98.091	101.655
1075	89.59	93.156	95.635	98.114	101.68
1076	89.608	93.176	95.657	98.137	101.705
1077	89.627	93.197	95.678	98.16	101.729
1078	89.647	93.218	95.7	98.182	101.752
1079	89.666	93.238	95.722	98.205	101.777
1080	89.685	93.259	95.743	98.228	101.802
1081	89.704	93.279	95.765	98.251	101.826
1082	89.724	93.301	95.787	98.273	101.849
1083	89.743	93.321	95.808	98.296	101.874
1084	89.761	93.342	95.83	98.318	101.899
1085	89.782	93.363	95.852	98.341	101.922
1086	89.8	93.383	95.873	98.363	101.946
1087	89.819	93.403	95.895	98.386	101.971
1088	89.838	93.424	95.917	98.409	101.995
1089	89.858	93.445	95.938	98.431	102.018
1090	89.876	93.465	95.96	98.454	102.043
1091	89.895	93.486	95.981	98.477	102.067
1092	89.914	93.506	96.003	98.5	102.092
1093	89.934	93.527	96.024	98.522	102.115
1094	89.953	93.547	96.046	98.545	102.139
1095	89.971	93.568	96.067	98.567	102.164
1096	89.991	93.588	96.089	98.589	102.187
1097	90.01	93.609	96.11	98.612	102.211
1098	90.028	93.629	96.132	98.635	102.235
1099	90.047	93.649	96.153	98.657	102.26
1100	90.067	93.67	96.175	98.679	102.283
1101	90.086	93.691	96.196	98.702	102.307
1102	90.104	93.711	96.218	98.725	102.332
1103	90.124	93.732	96.239	98.747	102.354
1104	90.143	93.752	96.261	98.769	102.379
1105	90.161	93.772	96.282	98.792	102.403
1106	90.18	93.792	96.304	98.815	102.427
1107	90.2	93.813	96.325	98.837	102.45
1108	90.218	93.833	96.346	98.859	102.475
1109	90.237	93.854	96.368	98.882	102.499
1110	90.257	93.874	96.389	98.904	102.522
1111	90.275	93.895	96.411	98.926	102.546
1112	90.293	93.915	96.432	98.949	102.57
1113	90.313	93.936	96.453	98.971	102.593
1114	90.332	93.956	96.475	98.993	102.617
1115	90.35	93.976	96.496	99.016	102.641
1116	90.369	93.996	96.517	99.039	102.666
1117	90.388	94.017	96.539	99.06	102.689
1118	90.407	94.037	96.56	99.083	102.713
1119	90.425	94.057	96.581	99.105	102.737
1120	90.445	94.077	96.602	99.127	102.76
1121	90.463	94.098	96.624	99.15	102.784
1122	90.482	94.118	96.645	99.172	102.808
1123	90.502	94.138	96.666	99.194	102.831
1124	90.52	94.158	96.687	99.216	102.855
1125	90.538	94.178	96.709	99.239	102.879
1126	90.558	94.199	96.73	99.261	102.902
1127	90.576	94.219	96.751	99.283	102.926
1128	90.595	94.239	96.772	99.305	102.95
1129	90.614	94.26	96.793	99.327	102.972
1130	90.633	94.28	96.815	99.349	102.996
1131	90.651	94.3	96.836	99.372	103.021
1132	90.671	94.32	96.857	99.394	103.043
1133	90.689	94.34	96.878	99.416	103.067
1134	90.707	94.36	96.899	99.438	103.091
1135	90.727	94.381	96.92	99.46	103.114
1136	90.745	94.401	96.941	99.482	103.138
1137	90.763	94.42	96.963	99.505	103.162
1138	90.783	94.441	96.984	99.526	103.184
1139	90.801	94.461	97.005	99.549	103.208
1140	90.819	94.481	97.026	99.571	103.232
1141	90.839	94.501	97.047	99.592	103.255
1142	90.857	94.521	97.068	99.615	103.279
1143	90.875	94.541	97.089	99.637	103.303
1144	90.895	94.561	97.11	99.659	103.325
1145	90.913	94.581	97.131	99.681	103.349
1146	90.931	94.601	97.152	99.703	103.373
1147	90.951	94.622	97.173	99.725	103.395
1148	90.969	94.641	97.194	99.747	103.419
1149	90.987	94.661	97.215	99.769	103.443
1150	91.006	94.682	97.236	99.791	103.466
1151	91.024	94.701	97.257	99.813	103.49
1152	91.042	94.721	97.278	99.835	103.514
1153	91.062	94.742	97.299	99.856	103.536
1154	91.08	94.761	97.32	99.879	103.56
1155	91.098	94.781	97.341	99.901	103.584
1156	91.118	94.801	97.362	99.922	103.606
1157	91.136	94.821	97.383	99.944	103.63
1158	91.154	94.841	97.404	99.966	103.654
1159	91.173	94.861	97.425	99.988	103.676
1160	91.191	94.881	97.445	100.01	103.7
1161	91.211	94.901	97.466	100.031	103.722
1162	91.229	94.921	97.487	100.054	103.746
1163	91.247	94.941	97.508	100.076	103.77
1164	91.266	94.961	97.529	100.097	103.792
1165	91.284	94.98	97.55	100.119	103.816
1166	91.302	95	97.571	100.141	103.839
1167	91.321	95.02	97.591	100.163	103.861
1168	91.339	95.04	97.612	100.185	103.885
1169	91.357	95.06	97.633	100.207	103.909
1170	91.377	95.08	97.654	100.228	103.931
1171	91.394	95.099	97.675	100.25	103.955
1172	91.414	95.12	97.695	100.271	103.977
1173	91.432	95.139	97.716	100.293	104.001
1174	91.45	95.159	97.737	100.315	104.024
1175	91.469	95.179	97.758	100.336	104.046
1176	91.487	95.199	97.779	100.358	104.07
1177	91.505	95.218	97.799	100.38	104.094
1178	91.524	95.238	97.82	100.402	104.116
1179	91.542	95.258	97.841	100.424	104.14
1180	91.561	95.278	97.861	100.445	104.162
1181	91.579	95.297	97.882	100.467	104.185
1182	91.597	95.317	97.903	100.489	104.209
1183	91.616	95.337	97.923	100.51	104.231
1184	91.634	95.356	97.944	100.532	104.255
1185	91.653	95.376	97.965	100.553	104.276
1186	91.671	95.396	97.985	100.575	104.3
1187	91.688	95.415	98.006	100.597	104.324
1188	91.708	95.436	98.027	100.618	104.346
1189	91.725	95.455	98.047	100.64	104.369
1190	91.745	95.475	98.068	100.661	104.391
1191	91.762	95.494	98.089	100.683	104.415
1192	91.78	95.514	98.109	100.704	104.438
1193	91.799	95.534	98.13	100.726	104.46
1194	91.817	95.553	98.15	100.747	104.484
1195	91.834	95.573	98.171	100.769	104.507
1196	91.854	95.593	98.191	100.79	104.529
1197	91.871	95.612	98.212	100.812	104.553
1198	91.891	95.632	98.233	100.833	104.574
1199	91.908	95.651	98.253	100.855	104.598
1200	91.926	95.671	98.274	100.876	104.621
1201	91.945	95.69	98.294	100.898	104.643
1202	91.962	95.71	98.315	100.919	104.667
1203	91.982	95.73	98.335	100.94	104.688
1204	91.999	95.749	98.356	100.962	104.712
1205	92.018	95.769	98.376	100.983	104.734
1206	92.036	95.788	98.396	101.005	104.757
1207	92.053	95.807	98.417	101.026	104.78
1208	92.072	95.827	98.437	101.047	104.802
1209	92.09	95.847	98.458	101.069	104.826
1210	92.109	95.866	98.478	101.09	104.847
1211	92.127	95.886	98.499	101.112	104.871
1212	92.144	95.905	98.519	101.133	104.894
1213	92.163	95.925	98.539	101.154	104.916
1214	92.181	95.944	98.56	101.176	104.939
1215	92.2	95.964	98.58	101.197	104.961
1216	92.217	95.983	98.601	101.218	104.984
1217	92.234	96.002	98.621	101.24	105.007
1218	92.253	96.022	98.641	101.261	105.029
1219	92.271	96.041	98.662	101.282	105.052
1220	92.29	96.061	98.682	101.303	105.074
1221	92.307	96.08	98.702	101.325	105.097
1222	92.326	96.1	98.723	101.345	105.119
1223	92.344	96.119	98.743	101.367	105.142
1224	92.361	96.138	98.763	101.388	105.165
1225	92.38	96.158	98.783	101.409	105.187
1226	92.397	96.177	98.804	101.431	105.21
1227	92.416	96.196	98.824	101.451	105.232
1228	92.434	96.215	98.844	101.473	105.255
1229	92.452	96.235	98.864	101.494	105.276
1230	92.47	96.254	98.885	101.515	105.3
1231	92.487	96.273	98.905	101.537	105.323
1232	92.506	96.293	98.925	101.557	105.344
1233	92.523	96.312	98.945	101.579	105.367
1234	92.542	96.331	98.966	101.6	105.389
1235	92.559	96.35	98.986	101.621	105.412
1236	92.578	96.37	99.006	101.642	105.433
1237	92.595	96.389	99.026	101.663	105.457
1238	92.613	96.408	99.046	101.684	105.48
1239	92.631	96.428	99.066	101.705	105.501
1240	92.649	96.447	99.086	101.726	105.524
1241	92.667	96.466	99.107	101.747	105.546
1242	92.685	96.485	99.127	101.768	105.569
1243	92.703	96.505	99.147	101.789	105.59
1244	92.721	96.524	99.167	101.81	105.613
1245	92.739	96.543	99.187	101.831	105.635
1246	92.756	96.562	99.207	101.852	105.658
1247	92.774	96.581	99.227	101.873	105.681
1248	92.792	96.6	99.247	101.894	105.702
1249	92.809	96.619	99.267	101.915	105.725
1250	92.828	96.639	99.287	101.936	105.746
1251	92.845	96.657	99.307	101.957	105.769
1252	92.864	96.677	99.327	101.978	105.79
1253	92.881	96.696	99.347	101.999	105.813
1254	92.9	96.715	99.367	102.019	105.835
1255	92.917	96.734	99.387	102.04	105.858
1256	92.935	96.753	99.407	102.061	105.879
1257	92.953	96.772	99.427	102.082	105.902
1258	92.969	96.791	99.447	102.103	105.925
1259	92.988	96.81	99.467	102.124	105.946
1260	93.005	96.829	99.487	102.145	105.969
1261	93.024	96.848	99.507	102.165	105.99
1262	93.041	96.867	99.527	102.186	106.013
1263	93.059	96.886	99.547	102.207	106.034
1264	93.076	96.905	99.567	102.228	106.057
1265	93.095	96.925	99.587	102.248	106.078
1266	93.112	96.943	99.606	102.27	106.101
1267	93.13	96.963	99.626	102.29	106.122
1268	93.147	96.981	99.646	102.311	106.145
1269	93.164	97	99.666	102.332	106.168
1270	93.183	97.019	99.686	102.352	106.189
1271	93.2	97.038	99.706	102.373	106.212
1272	93.218	97.057	99.725	102.394	106.233
1273	93.235	97.076	99.745	102.415	106.255
1274	93.254	97.095	99.765	102.435	106.276
1275	93.27	97.114	99.785	102.456	106.299
1276	93.289	97.133	99.805	102.476	106.32
1277	93.306	97.151	99.824	102.497	106.343
1278	93.324	97.171	99.844	102.518	106.364
1279	93.341	97.189	99.864	102.539	106.387
1280	93.359	97.208	99.884	102.559	106.408
1281	93.376	97.227	99.903	102.58	106.43
1282	93.395	97.246	99.923	102.6	106.451
1283	93.412	97.265	99.943	102.621	106.474
1284	93.43	97.284	99.963	102.641	106.495
1285	93.447	97.302	99.982	102.662	106.518
1286	93.463	97.321	100.002	102.683	106.54
1287	93.482	97.34	100.022	102.703	106.561
1288	93.499	97.358	100.041	102.724	106.584
1289	93.517	97.377	100.061	102.744	106.605
1290	93.534	97.396	100.081	102.765	106.627
1291	93.552	97.415	100.1	102.785	106.648
1292	93.569	97.433	100.12	102.806	106.671
1293	93.587	97.453	100.139	102.826	106.692
1294	93.604	97.471	100.159	102.847	106.714
1295	93.622	97.49	100.179	102.867	106.735
1296	93.639	97.509	100.198	102.888	106.758
1297	93.657	97.527	100.218	102.908	106.779
1298	93.674	97.546	100.237	102.929	106.801
1299	93.692	97.565	100.257	102.949	106.822
1300	93.709	97.583	100.277	102.97	106.844
1301	93.727	97.602	100.296	102.99	106.865
1302	93.743	97.621	100.316	103.011	106.888
1303	93.762	97.64	100.335	103.031	106.909
1304	93.778	97.658	100.355	103.051	106.931
1305	93.797	97.677	100.374	103.071	106.952
1306	93.813	97.695	100.394	103.092	106.974
1307	93.831	97.714	100.413	103.112	106.995
1308	93.848	97.733	100.433	103.133	107.017
1309	93.866	97.752	100.452	103.153	107.038
1310	93.883	97.77	100.472	103.174	107.061
1311	93.901	97.789	100.491	103.193	107.081
1312	93.917	97.807	100.511	103.214	107.104
1313	93.936	97.826	100.53	103.234	107.124
1314	93.952	97.844	100.55	103.255	107.147
1315	93.969	97.862	100.569	103.275	107.169
1316	93.987	97.881	100.588	103.295	107.19
1317	94.003	97.899	100.608	103.316	107.212
1318	94.021	97.918	100.627	103.336	107.233
1319	94.038	97.937	100.647	103.356	107.255
1320	94.056	97.955	100.666	103.376	107.276
1321	94.072	97.974	100.685	103.397	107.298
1322	94.09	97.992	100.705	103.417	107.319
1323	94.107	98.011	100.724	103.437	107.341
1324	94.125	98.029	100.743	103.457	107.362
1325	94.141	98.048	100.763	103.478	107.384
1326	94.159	98.066	100.782	103.498	107.405
1327	94.176	98.084	100.801	103.518	107.427
1328	94.194	98.103	100.821	103.538	107.447
1329	94.21	98.121	100.84	103.559	107.47
1330	94.228	98.14	100.859	103.578	107.49
1331	94.245	98.158	100.879	103.599	107.513
1332	94.263	98.177	100.898	103.619	107.533
1333	94.279	98.195	100.917	103.639	107.555
1334	94.297	98.214	100.936	103.659	107.576
1335	94.313	98.232	100.956	103.679	107.598
1336	94.331	98.251	100.975	103.699	107.618
1337	94.348	98.269	100.994	103.72	107.641
1338	94.366	98.287	101.013	103.739	107.661
1339	94.382	98.305	101.033	103.76	107.683
1340	94.4	98.324	101.052	103.779	107.704
1341	94.416	98.342	101.071	103.8	107.726
1342	94.434	98.361	101.09	103.82	107.746
1343	94.45	98.379	101.109	103.84	107.768
1344	94.468	98.397	101.129	103.86	107.789
1345	94.486	98.416	101.148	103.879	107.809
1346	94.502	98.434	101.167	103.9	107.831
1347	94.52	98.453	101.186	103.919	107.852
1348	94.537	98.471	101.205	103.94	107.874
1349	94.554	98.489	101.224	103.959	107.894
1350	94.571	98.507	101.244	103.98	107.916
1351	94.588	98.526	101.263	103.999	107.937
1352	94.605	98.544	101.282	104.02	107.959
1353	94.622	98.562	101.301	104.039	107.979
1354	94.639	98.58	101.32	104.06	108.001
1355	94.656	98.599	101.339	104.079	108.022
1356	94.673	98.617	101.358	104.1	108.044
1357	94.69	98.635	101.377	104.119	108.064
1358	94.707	98.653	101.396	104.139	108.086
1359	94.724	98.672	101.415	104.159	108.106
1360	94.741	98.69	101.434	104.179	108.128
1361	94.758	98.708	101.454	104.199	108.149
1362	94.775	98.726	101.473	104.219	108.17
1363	94.792	98.744	101.492	104.239	108.191
1364	94.808	98.762	101.511	104.259	108.213
1365	94.826	98.781	101.53	104.278	108.233
1366	94.842	98.799	101.549	104.299	108.255
1367	94.86	98.817	101.568	104.318	108.275
1368	94.876	98.835	101.587	104.338	108.297
1369	94.894	98.853	101.606	104.358	108.317
1370	94.91	98.871	101.625	104.378	108.339
1371	94.928	98.89	101.644	104.397	108.359
1372	94.944	98.907	101.663	104.418	108.381
1373	94.961	98.926	101.682	104.437	108.402
1374	94.977	98.944	101.7	104.457	108.423
1375	94.995	98.962	101.719	104.477	108.444
1376	95.011	98.98	101.738	104.497	108.466
1377	95.029	98.998	101.757	104.516	108.486
1378	95.046	99.017	101.776	104.536	108.506
1379	95.062	99.034	101.795	104.556	108.528
1380	95.08	99.053	101.814	104.575	108.548
1381	95.096	99.07	101.833	104.595	108.57
1382	95.114	99.089	101.852	104.615	108.59
1383	95.13	99.106	101.871	104.635	108.612
1384	95.147	99.125	101.89	104.654	108.632
1385	95.163	99.143	101.909	104.674	108.654
1386	95.181	99.161	101.927	104.694	108.674
1387	95.197	99.179	101.946	104.714	108.696
1388	95.214	99.197	101.965	104.733	108.716
1389	95.23	99.215	101.984	104.753	108.737
1390	95.248	99.233	102.003	104.773	108.758
1391	95.264	99.251	102.022	104.793	108.779
1392	95.282	99.269	102.041	104.812	108.799
1393	95.297	99.287	102.059	104.832	108.821
1394	95.315	99.305	102.078	104.851	108.841
1395	95.331	99.322	102.097	104.872	108.863
1396	95.348	99.341	102.116	104.891	108.883
1397	95.364	99.358	102.135	104.911	108.905
1398	95.382	99.377	102.153	104.93	108.925
1399	95.399	99.395	102.172	104.949	108.945
1400	95.415	99.413	102.191	104.969	108.967
1401	95.433	99.431	102.21	104.989	108.987
1402	95.449	99.448	102.229	105.009	109.008
1403	95.466	99.467	102.247	105.028	109.028
1404	95.482	99.484	102.266	105.048	109.05
1405	95.5	99.502	102.285	105.067	109.07
1406	95.515	99.52	102.304	105.087	109.092
1407	95.533	99.538	102.322	105.106	109.112
1408	95.549	99.556	102.341	105.126	109.133
1409	95.566	99.574	102.36	105.146	109.153
1410	95.582	99.592	102.379	105.165	109.175
1411	95.599	99.61	102.397	105.185	109.195
1412	95.615	99.627	102.416	105.205	109.217
1413	95.633	99.645	102.435	105.224	109.237
1414	95.65	99.664	102.453	105.243	109.257
1415	95.666	99.681	102.472	105.263	109.278
1416	95.683	99.699	102.491	105.282	109.298
1417	95.699	99.717	102.51	105.302	109.32
1418	95.717	99.735	102.528	105.321	109.34
1419	95.732	99.753	102.547	105.341	109.361
1420	95.75	99.771	102.566	105.36	109.381
1421	95.766	99.788	102.584	105.38	109.403
1422	95.783	99.806	102.603	105.399	109.423
1423	95.799	99.824	102.622	105.419	109.444
1424	95.816	99.842	102.64	105.438	109.464
1425	95.832	99.859	102.659	105.458	109.486
1426	95.849	99.878	102.678	105.477	109.506
1427	95.865	99.895	102.696	105.497	109.527
1428	95.882	99.913	102.715	105.516	109.547
1429	95.9	99.931	102.733	105.536	109.567
1430	95.915	99.949	102.752	105.555	109.589
1431	95.933	99.967	102.771	105.575	109.608
1432	95.949	99.984	102.789	105.594	109.63
1433	95.966	100.002	102.808	105.614	109.65
1434	95.982	100.02	102.827	105.633	109.671
1435	95.999	100.038	102.845	105.652	109.691
1436	96.015	100.055	102.864	105.672	109.713
1437	96.032	100.073	102.882	105.691	109.733
1438	96.048	100.091	102.901	105.711	109.754
1439	96.065	100.109	102.92	105.73	109.774
1440	96.081	100.126	102.938	105.75	109.795
1441	96.098	100.144	102.957	105.769	109.815
1442	96.115	100.162	102.975	105.788	109.835
1443	96.131	100.18	102.994	105.808	109.857
1444	96.148	100.198	103.012	105.827	109.876
1445	96.164	100.215	103.031	105.847	109.898
1446	96.181	100.233	103.049	105.866	109.918
1447	96.197	100.25	103.068	105.886	109.939
1448	96.214	100.268	103.087	105.905	109.959
1449	96.23	100.286	103.105	105.924	109.98
1450	96.247	100.304	103.124	105.943	110
1451	96.263	100.321	103.142	105.963	110.022
1452	96.28	100.339	103.161	105.982	110.041
1453	96.297	100.357	103.179	106.001	110.061
1454	96.313	100.374	103.198	106.021	110.083
1455	96.33	100.392	103.216	106.04	110.102
1456	96.346	100.41	103.235	106.06	110.124
1457	96.363	100.428	103.253	106.079	110.144
1458	96.379	100.445	103.272	106.098	110.165
1459	96.396	100.463	103.29	106.117	110.185
1460	96.411	100.48	103.309	106.137	110.206
1461	96.429	100.498	103.327	106.156	110.226
1462	96.444	100.516	103.346	106.176	110.247
1463	96.462	100.534	103.364	106.195	110.267
1464	96.479	100.552	103.383	106.214	110.287
1465	96.494	100.569	103.401	106.233	110.308
1466	96.512	100.587	103.42	106.252	110.328
1467	96.527	100.604	103.438	106.272	110.349
1468	96.544	100.622	103.457	106.291	110.369
1469	96.56	100.639	103.475	106.311	110.39
1470	96.577	100.657	103.494	106.33	110.41
1471	96.593	100.675	103.512	106.349	110.431
1472	96.61	100.693	103.531	106.368	110.451
1473	96.625	100.71	103.549	106.388	110.473
1474	96.643	100.728	103.567	106.407	110.492
1475	96.66	100.746	103.586	106.426	110.512
1476	96.675	100.763	103.604	106.446	110.533
1477	96.692	100.781	103.623	106.465	110.553
1478	96.708	100.798	103.641	106.484	110.574
1479	96.725	100.816	103.66	106.503	110.594
1480	96.741	100.833	103.678	106.523	110.615
1481	96.758	100.851	103.697	106.542	110.635
1482	96.773	100.868	103.715	106.561	110.656
1483	96.791	100.886	103.733	106.58	110.676
1484	96.808	100.904	103.752	106.599	110.696
1485	96.823	100.921	103.77	106.619	110.717
1486	96.84	100.939	103.789	106.638	110.737
1487	96.856	100.957	103.807	106.657	110.758
1488	96.873	100.975	103.825	106.676	110.778
1489	96.889	100.992	103.844	106.696	110.799
1490	96.906	101.01	103.862	106.715	110.819
1491	96.921	101.027	103.881	106.734	110.84
1492	96.938	101.045	103.899	106.753	110.86
1493	96.955	101.063	103.917	106.772	110.879
1494	96.971	101.08	103.936	106.792	110.901
1495	96.988	101.098	103.954	106.811	110.92
1496	97.003	101.115	103.973	106.83	110.942
1497	97.021	101.133	103.991	106.849	110.961
1498	97.036	101.15	104.009	106.869	110.983
1499	97.053	101.168	104.028	106.888	111.002
1500	97.069	101.185	104.046	106.907	111.023
1501	97.086	101.203	104.064	106.926	111.043
1502	97.101	101.22	104.083	106.946	111.064
1503	97.118	101.238	104.101	106.964	111.084
1504	97.135	101.256	104.12	106.983	111.104
1505	97.151	101.273	104.138	107.003	111.125
1506	97.168	101.291	104.156	107.022	111.144
1507	97.183	101.308	104.175	107.041	111.166
1508	97.201	101.326	104.193	107.06	111.185
1509	97.216	101.343	104.211	107.08	111.207
1510	97.233	101.361	104.23	107.099	111.226
1511	97.248	101.378	104.248	107.118	111.248
1512	97.266	101.396	104.266	107.137	111.267
1513	97.283	101.413	104.285	107.156	111.287
1514	97.298	101.431	104.303	107.175	111.308
1515	97.315	101.448	104.321	107.194	111.327
1516	97.331	101.466	104.34	107.214	111.349
1517	97.348	101.483	104.358	107.233	111.368
1518	97.363	101.5	104.376	107.252	111.39
1519	97.38	101.518	104.395	107.271	111.409
1520	97.396	101.535	104.413	107.291	111.43
1521	97.413	101.553	104.431	107.309	111.45
1522	97.43	101.571	104.45	107.328	111.47
1523	97.445	101.588	104.468	107.348	111.491
1524	97.462	101.606	104.486	107.367	111.51
1525	97.478	101.623	104.505	107.386	111.532
1526	97.495	101.641	104.523	107.405	111.551
1527	97.51	101.658	104.541	107.424	111.572
1528	97.527	101.676	104.56	107.443	111.592
1529	97.544	101.694	104.578	107.462	111.612
1530	97.559	101.711	104.596	107.482	111.633
1531	97.577	101.728	104.614	107.5	111.652
1532	97.592	101.746	104.633	107.52	111.674
1533	97.609	101.763	104.651	107.539	111.693
1534	97.624	101.78	104.669	107.558	111.714
1535	97.641	101.798	104.688	107.577	111.734
1536	97.657	101.815	104.706	107.597	111.755
1537	97.674	101.833	104.724	107.615	111.775
1538	97.691	101.851	104.743	107.634	111.794
1539	97.706	101.868	104.761	107.654	111.815
1540	97.723	101.886	104.779	107.672	111.835
1541	97.739	101.903	104.797	107.692	111.856
1542	97.756	101.921	104.816	107.711	111.876
1543	97.771	101.938	104.834	107.73	111.897
1544	97.788	101.955	104.852	107.749	111.916
1545	97.803	101.973	104.871	107.768	111.938
1546	97.82	101.99	104.889	107.787	111.957
1547	97.837	102.008	104.907	107.806	111.977
1548	97.853	102.025	104.925	107.825	111.998
1549	97.87	102.043	104.944	107.844	112.017
1550	97.885	102.06	104.962	107.864	112.039
1551	97.902	102.078	104.98	107.883	112.058
1552	97.917	102.095	104.998	107.902	112.079
1553	97.934	102.113	105.017	107.921	112.099
1554	97.952	102.13	105.035	107.94	112.118
1555	97.967	102.147	105.053	107.959	112.14
1556	97.984	102.165	105.072	107.978	112.159
1557	97.999	102.182	105.09	107.997	112.18
1558	98.016	102.2	105.108	108.016	112.2
1559	98.032	102.217	105.126	108.036	112.221
1560	98.048	102.235	105.145	108.054	112.241
1561	98.064	102.252	105.163	108.074	112.262
1562	98.081	102.27	105.181	108.093	112.281
1563	98.098	102.287	105.199	108.111	112.301
1564	98.113	102.304	105.218	108.131	112.322
1565	98.13	102.322	105.236	108.15	112.341
1566	98.145	102.339	105.254	108.169	112.363
1567	98.162	102.357	105.272	108.188	112.382
1568	98.178	102.374	105.291	108.207	112.403
1569	98.195	102.392	105.309	108.226	112.423
1570	98.212	102.409	105.327	108.245	112.442
1571	98.227	102.426	105.345	108.264	112.464
1572	98.244	102.444	105.364	108.283	112.483
1573	98.259	102.461	105.382	108.302	112.504
1574	98.276	102.479	105.4	108.321	112.524
1575	98.292	102.496	105.418	108.341	112.545
1576	98.309	102.514	105.437	108.359	112.564
1577	98.324	102.531	105.455	108.379	112.586
1578	98.341	102.548	105.473	108.398	112.605
1579	98.358	102.566	105.491	108.416	112.625
1580	98.373	102.583	105.509	108.436	112.646
1581	98.39	102.601	105.528	108.455	112.665
1582	98.405	102.618	105.546	108.474	112.686
1583	98.422	102.636	105.564	108.493	112.706
1584	98.438	102.653	105.582	108.512	112.727
1585	98.455	102.67	105.601	108.531	112.747
1586	98.472	102.688	105.619	108.55	112.766
1587	98.487	102.705	105.637	108.569	112.787
1588	98.504	102.723	105.655	108.588	112.807
1589	98.519	102.74	105.674	108.607	112.828
1590	98.536	102.757	105.692	108.626	112.847
1591	98.551	102.774	105.71	108.645	112.868
1592	98.568	102.792	105.728	108.664	112.888
1593	98.585	102.81	105.746	108.683	112.907
1594	98.601	102.827	105.765	108.702	112.929
1595	98.618	102.845	105.783	108.721	112.948
1596	98.633	102.862	105.801	108.74	112.969
1597	98.65	102.879	105.819	108.759	112.989
1598	98.665	102.896	105.837	108.779	113.01
1599	98.682	102.914	105.856	108.797	113.029
1600	98.699	102.932	105.874	108.816	113.049
1601	98.714	102.949	105.892	108.835	113.07
1602	98.731	102.966	105.91	108.854	113.089
1603	98.746	102.983	105.928	108.873	113.11
1604	98.763	103.001	105.947	108.892	113.13
1605	98.779	103.018	105.965	108.912	113.151
1606	98.796	103.036	105.983	108.93	113.17
1607	98.812	103.053	106.001	108.949	113.19
1608	98.828	103.07	106.019	108.968	113.211
1609	98.845	103.088	106.038	108.987	113.231
1610	98.86	103.105	106.056	109.007	113.252
1611	98.877	103.123	106.074	109.025	113.271
1612	98.892	103.14	106.092	109.045	113.292
1613	98.909	103.157	106.11	109.063	113.312
1614	98.924	103.174	106.129	109.083	113.333
1615	98.941	103.192	106.147	109.101	113.352
1616	98.958	103.21	106.165	109.12	113.372
1617	98.973	103.227	106.183	109.14	113.393
1618	98.99	103.244	106.201	109.158	113.412
1619	99.005	103.261	106.22	109.178	113.434
1620	99.022	103.279	106.238	109.196	113.453
1621	99.038	103.296	106.256	109.216	113.474
1622	99.055	103.314	106.274	109.234	113.493
1623	99.072	103.331	106.292	109.253	113.513
1624	99.087	103.348	106.31	109.273	113.534
1625	99.104	103.366	106.329	109.291	113.553
1626	99.119	103.383	106.347	109.311	113.575
1627	99.136	103.401	106.365	109.329	113.594
1628	99.153	103.418	106.383	109.348	113.613
1629	99.168	103.435	106.401	109.367	113.635
1630	99.185	103.453	106.419	109.386	113.654
1631	99.2	103.47	106.438	109.405	113.675
1632	99.217	103.487	106.456	109.424	113.695
1633	99.232	103.504	106.474	109.443	113.716
1634	99.249	103.522	106.492	109.462	113.735
1635	99.266	103.54	106.51	109.481	113.754
1636	99.281	103.557	106.528	109.5	113.776
1637	99.298	103.574	106.547	109.519	113.795
1638	99.313	103.591	106.565	109.538	113.816
1639	99.33	103.609	106.583	109.557	113.836
1640	99.345	103.626	106.601	109.576	113.857
1641	99.362	103.643	106.619	109.595	113.876
1642	99.379	103.661	106.637	109.614	113.895
1643	99.394	103.678	106.656	109.633	113.917
1644	99.411	103.696	106.674	109.652	113.936
1645	99.426	103.713	106.692	109.671	113.957
1646	99.443	103.73	106.71	109.69	113.977
1647	99.458	103.747	106.728	109.709	113.998
1648	99.475	103.765	106.746	109.728	114.017
1649	99.492	103.782	106.764	109.746	114.036
1650	99.507	103.799	106.783	109.766	114.058
1651	99.524	103.817	106.801	109.784	114.077
1652	99.539	103.834	106.819	109.804	114.098
1653	99.556	103.851	106.837	109.822	114.117
1654	99.572	103.868	106.855	109.842	114.139
1655	99.588	103.886	106.873	109.86	114.158
1656	99.605	103.904	106.891	109.879	114.177
1657	99.62	103.921	106.91	109.898	114.199
1658	99.637	103.938	106.928	109.917	114.218
1659	99.652	103.955	106.946	109.936	114.239
1660	99.669	103.973	106.964	109.955	114.258
1661	99.685	103.99	106.982	109.974	114.279
1662	99.701	104.007	107	109.993	114.299
1663	99.718	104.025	107.018	110.012	114.318
1664	99.733	104.042	107.036	110.031	114.339
1665	99.75	104.059	107.055	110.05	114.359
1666	99.766	104.076	107.073	110.069	114.38
1667	99.782	104.094	107.091	110.088	114.399
1668	99.799	104.112	107.109	110.106	114.419
1669	99.814	104.128	107.127	110.126	114.44
1670	99.831	104.146	107.145	110.144	114.459
1671	99.846	104.163	107.163	110.164	114.48
1672	99.863	104.181	107.181	110.182	114.5
1673	99.878	104.197	107.2	110.202	114.521
1674	99.895	104.215	107.218	110.22	114.54
1675	99.912	104.233	107.236	110.239	114.559
1676	99.927	104.25	107.254	110.258	114.58
1677	99.944	104.267	107.272	110.277	114.6
1678	99.959	104.284	107.29	110.296	114.621
1679	99.976	104.302	107.308	110.315	114.64
1680	99.993	104.319	107.326	110.333	114.66
1681	100.008	104.336	107.344	110.353	114.681
1682	100.025	104.354	107.363	110.371	114.7
1683	100.04	104.371	107.381	110.391	114.721
1684	100.057	104.388	107.399	110.409	114.741
1685	100.072	104.405	107.417	110.429	114.762
1686	100.089	104.423	107.435	110.447	114.781
1687	100.106	104.44	107.453	110.466	114.8
1688	100.121	104.457	107.471	110.485	114.821
1689	100.138	104.475	107.489	110.504	114.841
1690	100.153	104.492	107.507	110.523	114.862
1691	100.17	104.509	107.526	110.542	114.881
1692	100.185	104.526	107.544	110.561	114.902
1693	100.202	104.544	107.562	110.58	114.922
1694	100.219	104.561	107.58	110.598	114.941
1695	100.234	104.578	107.598	110.618	114.962
1696	100.251	104.596	107.616	110.636	114.981
1697	100.266	104.613	107.634	110.656	115.003
1698	100.282	104.63	107.652	110.674	115.022
1699	100.299	104.648	107.67	110.693	115.041
1700	100.314	104.665	107.688	110.712	115.062
1701	100.331	104.682	107.706	110.731	115.082
1702	100.346	104.699	107.725	110.75	115.103
1703	100.363	104.717	107.743	110.769	115.122
1704	100.378	104.733	107.761	110.788	115.143
1705	100.395	104.751	107.779	110.807	115.163
1706	100.412	104.769	107.797	110.825	115.182
1707	100.427	104.785	107.815	110.844	115.203
1708	100.444	104.803	107.833	110.863	115.222
1709	100.459	104.82	107.851	110.882	115.243
1710	100.476	104.837	107.869	110.901	115.263
1711	100.493	104.855	107.887	110.92	115.282
1712	100.508	104.872	107.905	110.939	115.303
1713	100.524	104.889	107.923	110.957	115.322
1714	100.54	104.906	107.942	110.977	115.343
1715	100.556	104.924	107.96	110.995	115.363
1716	100.573	104.941	107.978	111.014	115.382
1717	100.588	104.958	107.996	111.033	115.403
1718	100.605	104.976	108.014	111.052	115.423
1719	100.62	104.993	108.032	111.071	115.444
1720	100.637	105.01	108.05	111.09	115.463
1721	100.652	105.027	108.068	111.109	115.484
1722	100.669	105.045	108.086	111.128	115.503
1723	100.686	105.062	108.104	111.146	115.523
1724	100.701	105.079	108.122	111.165	115.544
1725	100.718	105.097	108.14	111.184	115.563
1726	100.733	105.113	108.158	111.203	115.584
1727	100.749	105.131	108.176	111.222	115.603
1728	100.766	105.148	108.195	111.241	115.623
1729	100.781	105.165	108.213	111.26	115.644
1730	100.798	105.183	108.231	111.278	115.663
1731	100.813	105.2	108.249	111.298	115.684
1732	100.83	105.217	108.267	111.316	115.703
1733	100.847	105.235	108.285	111.335	115.723
1734	100.862	105.252	108.303	111.354	115.744
1735	100.879	105.269	108.321	111.373	115.763
1736	100.894	105.286	108.339	111.392	115.784
1737	100.91	105.303	108.357	111.411	115.804
1738	100.925	105.32	108.375	111.43	115.825
1739	100.942	105.338	108.393	111.448	115.844
1740	100.959	105.355	108.411	111.467	115.863
1741	100.974	105.372	108.429	111.486	115.884
1742	100.991	105.39	108.447	111.505	115.904
1743	101.006	105.407	108.465	111.524	115.925
1744	101.023	105.424	108.483	111.543	115.944
1745	101.04	105.442	108.501	111.561	115.963
1746	101.055	105.458	108.519	111.58	115.984
1747	101.071	105.476	108.538	111.599	116.004
1748	101.086	105.493	108.556	111.618	116.025
1749	101.103	105.51	108.574	111.637	116.044
1750	101.12	105.528	108.592	111.655	116.063
1751	101.135	105.545	108.61	111.675	116.084
1752	101.152	105.562	108.628	111.693	116.104
1753	101.167	105.579	108.646	111.712	116.125
1754	101.184	105.597	108.664	111.731	116.144
1755	101.2	105.614	108.682	111.75	116.163
1756	101.215	105.631	108.7	111.769	116.184
1757	101.232	105.648	108.718	111.787	116.204
1758	101.247	105.665	108.736	111.807	116.225
1759	101.264	105.683	108.754	111.825	116.244
1760	101.279	105.699	108.772	111.845	116.265
1761	101.296	105.717	108.79	111.863	116.284
1762	101.313	105.734	108.808	111.882	116.303
1763	101.328	105.751	108.826	111.901	116.325
1764	101.344	105.769	108.844	111.919	116.344
1765	101.359	105.786	108.862	111.939	116.365
1766	101.376	105.803	108.88	111.957	116.384
1767	101.393	105.821	108.898	111.976	116.403
1768	101.408	105.837	108.916	111.995	116.424
1769	101.425	105.855	108.934	112.014	116.444
1770	101.44	105.872	108.952	112.033	116.465
1771	101.456	105.889	108.97	112.051	116.484
1772	101.473	105.907	108.988	112.07	116.503
1773	101.488	105.923	109.006	112.089	116.524
1774	101.505	105.941	109.024	112.108	116.544
1775	101.52	105.958	109.042	112.127	116.565
1776	101.537	105.975	109.06	112.145	116.584
1777	101.554	105.993	109.078	112.164	116.603
1778	101.568	106.009	109.096	112.183	116.624
1779	101.585	106.027	109.114	112.202	116.643
1780	101.6	106.044	109.132	112.221	116.665
1781	101.617	106.061	109.15	112.24	116.684
1782	101.634	106.079	109.168	112.258	116.703
1783	101.649	106.096	109.186	112.277	116.724
1784	101.666	106.113	109.204	112.296	116.743
1785	101.68	106.13	109.222	112.315	116.764
1786	101.697	106.147	109.24	112.334	116.784
1787	101.714	106.165	109.258	112.352	116.803
1788	101.729	106.181	109.276	112.371	116.824
1789	101.746	106.199	109.294	112.39	116.843
1790	101.761	106.216	109.312	112.409	116.864
1791	101.777	106.233	109.33	112.428	116.883
1792	101.794	106.251	109.348	112.446	116.903
1793	101.809	106.267	109.366	112.465	116.924
1794	101.826	106.285	109.384	112.484	116.943
1795	101.841	106.302	109.402	112.503	116.964
1796	101.858	106.319	109.42	112.521	116.983
1797	101.874	106.337	109.438	112.54	117.002
1798	101.889	106.353	109.456	112.559	117.023
1799	101.906	106.371	109.474	112.578	117.043
1800	101.921	106.388	109.492	112.597	117.064
1801	101.938	106.405	109.51	112.615	117.083
1802	101.954	106.422	109.528	112.634	117.102
1803	101.969	106.439	109.546	112.653	117.123
1804	101.986	106.457	109.564	112.672	117.142
1805	102.001	106.473	109.582	112.691	117.163
1806	102.018	106.491	109.6	112.709	117.183
1807	102.034	106.508	109.618	112.728	117.202
1808	102.049	106.525	109.636	112.747	117.223
1809	102.066	106.542	109.654	112.766	117.242
1810	102.081	106.559	109.672	112.785	117.263
1811	102.098	106.577	109.69	112.803	117.282
1812	102.114	106.594	109.708	112.822	117.301
1813	102.129	106.611	109.726	112.841	117.322
1814	102.146	106.628	109.744	112.859	117.342
1815	102.161	106.645	109.762	112.879	117.363
1816	102.178	106.662	109.78	112.897	117.382
1817	102.194	106.68	109.798	112.916	117.401
1818	102.209	106.697	109.816	112.935	117.422
1819	102.226	106.714	109.834	112.953	117.441
1820	102.241	106.731	109.852	112.972	117.462
1821	102.258	106.748	109.87	112.991	117.482
1822	102.274	106.766	109.888	113.009	117.501
1823	102.289	106.782	109.906	113.029	117.522
1824	102.306	106.8	109.923	113.047	117.541
1825	102.321	106.817	109.941	113.066	117.562
1826	102.338	106.834	109.959	113.085	117.581
1827	102.354	106.851	109.977	113.103	117.6
1828	102.369	106.868	109.995	113.122	117.621
1829	102.386	106.885	110.013	113.141	117.64
1830	102.401	106.902	110.031	113.16	117.661
1831	102.417	106.92	110.049	113.178	117.681
1832	102.434	106.937	110.067	113.197	117.7
1833	102.449	106.954	110.085	113.216	117.721
1834	102.466	106.971	110.103	113.234	117.74
1835	102.481	106.988	110.121	113.254	117.761
1836	102.497	107.005	110.139	113.272	117.78
1837	102.514	107.023	110.157	113.291	117.799
1838	102.529	107.039	110.175	113.31	117.82
1839	102.545	107.057	110.192	113.328	117.839
1840	102.56	107.073	110.21	113.347	117.86
1841	102.577	107.091	110.228	113.366	117.88
1842	102.594	107.108	110.246	113.384	117.899
1843	102.609	107.125	110.264	113.403	117.92
1844	102.625	107.142	110.282	113.422	117.939
1845	102.64	107.159	110.3	113.441	117.96
1846	102.657	107.176	110.318	113.459	117.979
1847	102.673	107.194	110.336	113.478	117.998
1848	102.688	107.21	110.354	113.497	118.019
1849	102.705	107.228	110.372	113.515	118.038
1850	102.722	107.245	110.39	113.534	118.057
1851	102.736	107.262	110.407	113.553	118.078
1852	102.753	107.279	110.425	113.571	118.097
1853	102.768	107.296	110.443	113.591	118.118
1854	102.785	107.313	110.461	113.609	118.138
1855	102.801	107.331	110.479	113.627	118.157
1856	102.816	107.347	110.497	113.646	118.178