0	46.084	47.891	49.148	50.404	52.212
1	46.248	48.058	49.317	50.575	52.385
2	46.412	48.225	49.485	50.746	52.559
3	46.575	48.392	49.654	50.917	52.733
4	46.739	48.559	49.823	51.088	52.907
5	46.904	48.726	49.992	51.259	53.081
6	47.068	48.893	50.161	51.429	53.254
7	47.232	49.06	50.33	51.6	53.428
8	47.396	49.227	50.499	51.771	53.601
9	47.561	49.394	50.668	51.942	53.775
10	47.724	49.56	50.837	52.113	53.949
11	47.889	49.727	51.005	52.283	54.122
12	48.053	49.894	51.174	52.454	54.295
13	48.218	50.061	51.343	52.625	54.469
14	48.382	50.229	51.512	52.795	54.642
15	48.516	50.365	51.651	52.937	54.786
16	48.649	50.502	51.79	53.077	54.93
17	48.781	50.637	51.927	53.217	55.073
18	48.913	50.772	52.064	53.356	55.216
19	49.044	50.906	52.2	53.494	55.356
20	49.173	51.039	52.335	53.632	55.497
21	49.303	51.171	52.47	53.768	55.636
22	49.431	51.302	52.603	53.903	55.775
23	49.558	51.432	52.735	54.038	55.912
24	49.683	51.561	52.866	54.171	56.049
25	49.809	51.689	52.996	54.303	56.183
26	49.933	51.817	53.126	54.434	56.318
27	50.056	51.943	53.254	54.565	56.451
28	50.179	52.068	53.381	54.694	56.583
29	50.3	52.192	53.507	54.822	56.714
30	50.421	52.315	53.633	54.95	56.845
31	50.54	52.438	53.757	55.076	56.974
32	50.658	52.559	53.881	55.202	57.103
33	50.776	52.68	54.003	55.326	57.23
34	50.893	52.8	54.125	55.45	57.356
35	51.009	52.918	54.245	55.572	57.482
36	51.124	53.036	54.365	55.694	57.607
37	51.238	53.153	54.484	55.815	57.73
38	51.352	53.269	54.602	55.935	57.852
39	51.463	53.384	54.719	56.054	57.974
40	51.575	53.498	54.835	56.171	58.094
41	51.685	53.611	54.95	56.289	58.215
42	51.795	53.724	55.064	56.405	58.333
43	51.904	53.835	55.178	56.52	58.451
44	52.013	53.946	55.29	56.634	58.568
45	52.12	54.056	55.402	56.748	58.685
46	52.226	54.165	55.513	56.861	58.8
47	52.332	54.274	55.623	56.972	58.914
48	52.437	54.381	55.732	57.084	59.028
49	52.54	54.487	55.841	57.194	59.141
50	52.644	54.593	55.948	57.303	59.253
51	52.747	54.698	56.055	57.411	59.363
52	52.848	54.803	56.161	57.519	59.474
53	52.949	54.906	56.266	57.626	59.583
54	53.049	55.008	56.37	57.732	59.692
55	53.148	55.11	56.474	57.838	59.799
56	53.247	55.211	56.577	57.942	59.906
57	53.345	55.312	56.679	58.046	60.013
58	53.442	55.411	56.78	58.149	60.118
59	53.539	55.51	56.881	58.251	60.223
60	53.635	55.608	56.981	58.353	60.326
61	53.73	55.706	57.08	58.453	60.43
62	53.824	55.803	57.178	58.553	60.532
63	53.918	55.899	57.276	58.653	60.634
64	54.012	55.995	57.373	58.752	60.735
65	54.104	56.09	57.47	58.85	60.836
66	54.196	56.184	57.566	58.948	60.936
67	54.288	56.278	57.661	59.045	61.035
68	54.379	56.371	57.756	59.141	61.133
69	54.469	56.464	57.85	59.236	61.231
70	54.558	56.555	57.944	59.332	61.329
71	54.648	56.647	58.037	59.426	61.425
72	54.736	56.738	58.129	59.52	61.521
73	54.824	56.828	58.221	59.613	61.617
74	54.912	56.917	58.312	59.706	61.712
75	54.999	57.007	58.402	59.798	61.806
76	55.084	57.095	58.492	59.89	61.9
77	55.171	57.183	58.582	59.98	61.993
78	55.255	57.27	58.671	60.071	62.086
79	55.34	57.357	58.759	60.161	62.177
80	55.424	57.443	58.847	60.25	62.269
81	55.508	57.529	58.934	60.338	62.359
82	55.591	57.614	59.02	60.427	62.45
83	55.674	57.699	59.107	60.514	62.539
84	55.755	57.783	59.192	60.602	62.629
85	55.837	57.867	59.277	60.688	62.717
86	55.918	57.95	59.362	60.774	62.806
87	55.998	58.032	59.446	60.86	62.894
88	56.079	58.115	59.53	60.944	62.98
89	56.158	58.196	59.613	61.029	63.067
90	56.238	58.278	59.695	61.113	63.152
91	56.316	58.358	59.777	61.197	63.238
92	56.394	58.438	59.859	61.28	63.324
93	56.473	58.518	59.94	61.362	63.408
94	56.55	58.598	60.021	61.444	63.492
95	56.626	58.676	60.101	61.526	63.576
96	56.703	58.755	60.181	61.607	63.659
97	56.779	58.833	60.26	61.688	63.741
98	56.855	58.91	60.339	61.768	63.824
99	56.93	58.987	60.418	61.848	63.906
100	57.004	59.064	60.496	61.928	63.987
101	57.078	59.14	60.573	62.007	64.069
102	57.153	59.216	60.651	62.085	64.148
103	57.226	59.292	60.727	62.163	64.228
104	57.299	59.367	60.804	62.241	64.308
105	57.372	59.441	60.88	62.318	64.387
106	57.444	59.515	60.955	62.395	64.466
107	57.516	59.589	61.03	62.471	64.545
108	57.587	59.662	61.105	62.547	64.622
109	57.658	59.735	61.179	62.623	64.7
110	57.729	59.808	61.253	62.697	64.776
111	57.8	59.88	61.326	62.772	64.853
112	57.869	59.952	61.399	62.846	64.929
113	57.939	60.023	61.472	62.92	65.005
114	58.008	60.094	61.544	62.994	65.08
115	58.077	60.164	61.616	63.067	65.155
116	58.145	60.234	61.687	63.14	65.229
117	58.213	60.304	61.758	63.212	65.303
118	58.28	60.374	61.829	63.284	65.377
119	58.348	60.443	61.899	63.355	65.45
120	58.414	60.511	61.969	63.426	65.523
121	58.48	60.579	62.038	63.497	65.596
122	58.546	60.647	62.107	63.567	65.668
123	58.612	60.714	62.176	63.637	65.74
124	58.677	60.781	62.244	63.707	65.811
125	58.742	60.848	62.312	63.776	65.882
126	58.807	60.914	62.38	63.845	65.952
127	58.871	60.981	62.447	63.913	66.022
128	58.935	61.046	62.514	63.981	66.092
129	58.999	61.112	62.58	64.048	66.161
130	59.061	61.176	62.646	64.116	66.231
131	59.124	61.241	62.712	64.183	66.299
132	59.187	61.305	62.777	64.249	66.368
133	59.249	61.369	62.842	64.316	66.435
134	59.311	61.433	62.907	64.381	66.503
135	59.372	61.495	62.971	64.447	66.571
136	59.433	61.558	63.035	64.512	66.637
137	59.495	61.621	63.099	64.577	66.704
138	59.555	61.683	63.163	64.642	66.77
139	59.616	61.745	63.226	64.706	66.835
140	59.675	61.807	63.288	64.77	66.902
141	59.735	61.868	63.351	64.834	66.967
142	59.795	61.929	63.413	64.897	67.031
143	59.853	61.99	63.475	64.96	67.097
144	59.912	62.05	63.537	65.023	67.161
145	59.971	62.111	63.598	65.085	67.225
146	60.029	62.17	63.659	65.147	67.289
147	60.087	62.23	63.72	65.209	67.352
148	60.145	62.289	63.78	65.271	67.415
149	60.202	62.348	63.84	65.332	67.479
150	60.259	62.407	63.9	65.393	67.541
151	60.316	62.466	63.96	65.454	67.603
152	60.372	62.524	64.019	65.514	67.666
153	60.429	62.582	64.078	65.574	67.727
154	60.486	62.64	64.137	65.634	67.788
155	60.541	62.697	64.196	65.694	67.85
156	60.597	62.754	64.254	65.753	67.911
157	60.652	62.811	64.312	65.813	67.972
158	60.708	62.868	64.37	65.872	68.032
159	60.762	62.924	64.428	65.931	68.093
160	60.817	62.981	64.485	65.989	68.153
161	60.872	63.037	64.542	66.047	68.212
162	60.926	63.093	64.599	66.105	68.272
163	60.98	63.149	64.656	66.163	68.331
164	61.034	63.204	64.712	66.221	68.391
165	61.088	63.259	64.769	66.278	68.45
166	61.141	63.314	64.825	66.336	68.509
167	61.195	63.369	64.881	66.392	68.567
168	61.247	63.424	64.937	66.449	68.626
169	61.301	63.478	64.992	66.506	68.683
170	61.353	63.532	65.047	66.562	68.742
171	61.405	63.586	65.103	66.619	68.8
172	61.458	63.641	65.158	66.675	68.857
173	61.51	63.694	65.212	66.731	68.915
174	61.562	63.748	65.267	66.786	68.972
175	61.614	63.801	65.321	66.842	69.029
176	61.666	63.854	65.376	66.897	69.086
177	61.717	63.907	65.43	66.952	69.143
178	61.768	63.96	65.484	67.007	69.2
179	61.819	64.013	65.538	67.062	69.256
180	61.87	64.065	65.591	67.117	69.312
181	61.92	64.117	65.645	67.172	69.369
182	61.972	64.17	65.698	67.226	69.424
183	62.022	64.222	65.751	67.28	69.48
184	62.073	64.274	65.804	67.334	69.535
185	62.123	64.326	65.857	67.388	69.591
186	62.173	64.377	65.91	67.442	69.646
187	62.222	64.429	65.962	67.496	69.702
188	62.273	64.48	66.015	67.549	69.756
189	62.322	64.531	66.067	67.602	69.812
190	62.371	64.582	66.119	67.656	69.867
191	62.421	64.633	66.171	67.708	69.92
192	62.47	64.684	66.223	67.762	69.975
193	62.519	64.735	66.275	67.814	70.03
194	62.569	64.785	66.326	67.867	70.083
195	62.617	64.836	66.378	67.92	70.138
196	62.666	64.886	66.429	67.972	70.192
197	62.714	64.936	66.48	68.024	70.246
198	62.762	64.986	66.531	68.077	70.3
199	62.812	65.036	66.582	68.129	70.353
200	62.86	65.086	66.633	68.18	70.407
201	62.907	65.135	66.684	68.232	70.46
202	62.955	65.185	66.735	68.284	70.514
203	63.004	65.235	66.785	68.335	70.566
204	63.051	65.284	66.835	68.387	70.619
205	63.099	65.333	66.886	68.439	70.672
206	63.146	65.382	66.936	68.49	70.726
207	63.193	65.431	66.986	68.541	70.778
208	63.241	65.48	67.036	68.592	70.831
209	63.289	65.529	67.086	68.643	70.883
210	63.336	65.577	67.136	68.694	70.935
211	63.383	65.626	67.185	68.745	70.988
212	63.429	65.674	67.235	68.795	71.04
213	63.476	65.723	67.284	68.846	71.092
214	63.522	65.771	67.334	68.896	71.145
215	63.569	65.819	67.383	68.947	71.197
216	63.615	65.867	67.432	68.997	71.249
217	63.663	65.915	67.481	69.047	71.299
218	63.709	65.963	67.53	69.097	71.351
219	63.755	66.011	67.579	69.147	71.403
220	63.801	66.059	67.628	69.197	71.454
221	63.847	66.106	67.676	69.247	71.506
222	63.893	66.154	67.725	69.296	71.557
223	63.939	66.201	67.774	69.346	71.608
224	63.984	66.248	67.822	69.396	71.659
225	64.03	66.296	67.87	69.445	71.711
226	64.075	66.343	67.919	69.494	71.762
227	64.121	66.39	67.967	69.544	71.812
228	64.166	66.437	68.015	69.593	71.863
229	64.212	66.484	68.063	69.642	71.914
230	64.257	66.53	68.111	69.691	71.965
231	64.302	66.577	68.159	69.74	72.015
232	64.347	66.624	68.206	69.789	72.066
233	64.392	66.67	68.254	69.838	72.116
234	64.437	66.717	68.302	69.886	72.166
235	64.482	66.763	68.349	69.935	72.216
236	64.526	66.81	68.397	69.983	72.267
237	64.571	66.856	68.444	70.032	72.317
238	64.616	66.902	68.491	70.08	72.367
239	64.66	66.948	68.538	70.129	72.416
240	64.705	66.994	68.586	70.177	72.466
241	64.749	67.04	68.633	70.225	72.516
242	64.793	67.086	68.68	70.273	72.566
243	64.838	67.132	68.726	70.321	72.615
244	64.882	67.177	68.773	70.369	72.665
245	64.926	67.223	68.82	70.417	72.714
246	64.97	67.269	68.867	70.464	72.763
247	65.014	67.314	68.913	70.512	72.813
248	65.058	67.36	68.96	70.56	72.862
249	65.102	67.405	69.006	70.607	72.911
250	65.145	67.451	69.053	70.655	72.96
251	65.188	67.495	69.099	70.703	73.01
252	65.232	67.54	69.145	70.75	73.059
253	65.275	67.586	69.191	70.797	73.108
254	65.319	67.631	69.238	70.845	73.156
255	65.362	67.676	69.284	70.892	73.205
256	65.406	67.721	69.33	70.939	73.254
257	65.449	67.765	69.376	70.986	73.302
258	65.492	67.81	69.421	71.033	73.351
259	65.535	67.855	69.467	71.079	73.399
260	65.577	67.899	69.513	71.127	73.448
261	65.62	67.944	69.559	71.173	73.497
262	65.663	67.988	69.604	71.22	73.545
263	65.706	68.033	69.65	71.267	73.593
264	65.749	68.077	69.695	71.313	73.641
265	65.792	68.121	69.741	71.36	73.689
266	65.834	68.165	69.786	71.406	73.738
267	65.876	68.209	69.831	71.453	73.786
268	65.919	68.254	69.876	71.499	73.834
269	65.962	68.298	69.922	71.545	73.881
270	66.004	68.342	69.967	71.591	73.929
271	66.046	68.385	70.012	71.638	73.978
272	66.088	68.429	70.057	71.684	74.025
273	66.13	68.473	70.102	71.73	74.073
274	66.173	68.517	70.146	71.776	74.12
275	66.215	68.561	70.191	71.822	74.167
276	66.256	68.604	70.236	71.868	74.216
277	66.298	68.647	70.281	71.914	74.263
278	66.34	68.691	70.325	71.959	74.31
279	66.382	68.735	70.37	72.005	74.357
280	66.424	68.778	70.414	72.05	74.404
281	66.465	68.821	70.459	72.096	74.452
282	66.507	68.864	70.503	72.142	74.499
283	66.549	68.908	70.547	72.187	74.546
284	66.59	68.951	70.592	72.232	74.593
285	66.631	68.994	70.636	72.278	74.641
286	66.673	69.037	70.68	72.323	74.687
287	66.714	69.08	70.724	72.368	74.734
288	66.755	69.122	70.768	72.414	74.782
289	66.796	69.165	70.812	72.459	74.828
290	66.838	69.208	70.856	72.504	74.875
291	66.879	69.251	70.9	72.549	74.921
292	66.919	69.294	70.944	72.594	74.969
293	66.96	69.336	70.988	72.639	75.015
294	67.002	69.379	71.031	72.684	75.061
295	67.042	69.421	71.075	72.729	75.108
296	67.083	69.464	71.119	72.774	75.155
297	67.124	69.506	71.162	72.818	75.2
298	67.165	69.549	71.206	72.863	75.246
299	67.205	69.591	71.249	72.908	75.294
300	67.246	69.633	71.293	72.952	75.339
301	67.287	69.675	71.336	72.996	75.385
302	67.326	69.717	71.379	73.041	75.432
303	67.367	69.759	71.422	73.085	75.478
304	67.408	69.802	71.466	73.13	75.523
305	67.447	69.843	71.509	73.174	75.57
306	67.488	69.885	71.552	73.218	75.616
307	67.529	69.927	71.595	73.262	75.661
308	67.568	69.969	71.638	73.307	75.708
309	67.608	70.011	71.681	73.351	75.753
310	67.649	70.053	71.724	73.395	75.798
311	67.688	70.094	71.766	73.439	75.845
312	67.728	70.136	71.809	73.483	75.89
313	67.767	70.177	71.852	73.527	75.936
314	67.808	70.219	71.895	73.57	75.982
315	67.848	70.26	71.937	73.614	76.027
316	67.887	70.301	71.98	73.658	76.073
317	67.927	70.343	72.022	73.702	76.118
318	67.967	70.384	72.065	73.745	76.162
319	68.006	70.425	72.107	73.789	76.208
320	68.046	70.467	72.15	73.832	76.253
321	68.084	70.508	72.192	73.876	76.299
322	68.124	70.549	72.234	73.919	76.344
323	68.164	70.59	72.276	73.962	76.388
324	68.203	70.631	72.318	74.006	76.434
325	68.242	70.672	72.361	74.049	76.479
326	68.281	70.712	72.403	74.093	76.524
327	68.32	70.753	72.445	74.136	76.569
328	68.36	70.794	72.487	74.179	76.613
329	68.398	70.835	72.528	74.222	76.659
330	68.438	70.876	72.57	74.265	76.703
331	68.476	70.916	72.612	74.308	76.748
332	68.515	70.957	72.654	74.351	76.792
333	68.553	70.997	72.696	74.394	76.838
334	68.593	71.038	72.737	74.437	76.882
335	68.632	71.078	72.779	74.479	76.926
336	68.67	71.118	72.82	74.522	76.971
337	68.709	71.159	72.862	74.565	77.014
338	68.747	71.199	72.903	74.608	77.06
339	68.786	71.239	72.945	74.65	77.103
340	68.824	71.279	72.986	74.693	77.148
341	68.863	71.32	73.027	74.735	77.192
342	68.901	71.359	73.069	74.778	77.237
343	68.939	71.4	73.11	74.82	77.28
344	68.977	71.439	73.151	74.863	77.325
345	69.016	71.48	73.192	74.905	77.369
346	69.055	71.52	73.233	74.947	77.412
347	69.092	71.559	73.274	74.989	77.457
348	69.131	71.599	73.315	75.031	77.5
349	69.168	71.639	73.356	75.074	77.544
350	69.207	71.679	73.397	75.115	77.588
351	69.244	71.718	73.438	75.158	77.632
352	69.282	71.758	73.479	75.199	77.675
353	69.32	71.797	73.52	75.242	77.719
354	69.358	71.837	73.56	75.283	77.762
355	69.395	71.876	73.601	75.325	77.807
356	69.433	71.916	73.641	75.367	77.849
357	69.47	71.955	73.682	75.409	77.894
358	69.509	71.995	73.723	75.45	77.936
359	69.546	72.034	73.763	75.492	77.98
360	69.584	72.073	73.803	75.534	78.023
361	69.621	72.112	73.844	75.576	78.067
362	69.659	72.151	73.884	75.617	78.11
363	69.695	72.19	73.925	75.659	78.154
364	69.733	72.23	73.965	75.7	78.196
365	69.77	72.268	74.005	75.741	78.24
366	69.808	72.308	74.045	75.783	78.282
367	69.844	72.346	74.085	75.824	78.326
368	69.882	72.385	74.125	75.865	78.368
369	69.919	72.424	74.165	75.907	78.412
370	69.955	72.463	74.205	75.948	78.455
371	69.993	72.501	74.245	75.989	78.498
372	70.029	72.54	74.285	76.03	78.541
373	70.067	72.579	74.325	76.071	78.583
374	70.103	72.617	74.365	76.112	78.626
375	70.141	72.656	74.405	76.153	78.668
376	70.177	72.694	74.444	76.194	78.712
377	70.214	72.733	74.484	76.235	78.754
378	70.25	72.771	74.524	76.276	78.797
379	70.288	72.81	74.563	76.316	78.839
380	70.324	72.848	74.603	76.357	78.882
381	70.36	72.886	74.642	76.398	78.925
382	70.397	72.925	74.682	76.439	78.966
383	70.433	72.963	74.721	76.48	79.009
384	70.47	73.001	74.761	76.52	79.051
385	70.506	73.039	74.8	76.561	79.094
386	70.543	73.077	74.839	76.601	79.135
387	70.579	73.115	74.878	76.642	79.178
388	70.616	73.154	74.918	76.682	79.22
389	70.651	73.191	74.957	76.722	79.262
390	70.687	73.229	74.996	76.763	79.305
391	70.724	73.267	75.035	76.803	79.346
392	70.759	73.305	75.074	76.843	79.389
393	70.796	73.343	75.113	76.883	79.43
394	70.832	73.38	75.152	76.923	79.472
395	70.868	73.418	75.191	76.963	79.513
396	70.904	73.456	75.23	77.004	79.556
397	70.939	73.493	75.269	77.044	79.598
398	70.976	73.531	75.307	77.084	79.639
399	71.011	73.568	75.346	77.124	79.681
400	71.047	73.606	75.385	77.163	79.722
401	71.083	73.643	75.424	77.204	79.764
402	71.118	73.681	75.462	77.244	79.806
403	71.154	73.718	75.501	77.283	79.847
404	71.189	73.755	75.539	77.323	79.889
405	71.225	73.793	75.578	77.362	79.93
406	71.26	73.83	75.616	77.402	79.972
407	71.295	73.867	75.655	77.442	80.014
408	71.332	73.905	75.693	77.481	80.054
409	71.366	73.941	75.731	77.521	80.096
410	71.403	73.979	75.77	77.56	80.137
411	71.437	74.016	75.808	77.6	80.178
412	71.472	74.053	75.846	77.64	80.22
413	71.508	74.09	75.884	77.679	80.26
414	71.543	74.127	75.922	77.718	80.302
415	71.579	74.164	75.961	77.757	80.342
416	71.613	74.2	75.999	77.797	80.384
417	71.648	74.237	76.037	77.836	80.425
418	71.684	74.274	76.075	77.875	80.465
419	71.718	74.311	76.113	77.914	80.507
420	71.753	74.347	76.15	77.954	80.548
421	71.788	74.384	76.188	77.993	80.588
422	71.823	74.42	76.226	78.032	80.629
423	71.858	74.457	76.264	78.07	80.669
424	71.893	74.494	76.302	78.11	80.711
425	71.927	74.53	76.339	78.149	80.752
426	71.962	74.567	76.377	78.187	80.792
427	71.997	74.603	76.415	78.226	80.833
428	72.031	74.639	76.452	78.265	80.874
429	72.066	74.676	76.49	78.304	80.913
430	72.1	74.712	76.527	78.343	80.954
431	72.134	74.748	76.565	78.381	80.995
432	72.169	74.784	76.602	78.42	81.035
433	72.203	74.82	76.64	78.459	81.076
434	72.239	74.857	76.677	78.497	81.115
435	72.273	74.893	76.714	78.536	81.156
436	72.306	74.929	76.752	78.574	81.197
437	72.341	74.965	76.789	78.612	81.236
438	72.375	75.001	76.826	78.651	81.277
439	72.409	75.037	76.863	78.69	81.317
440	72.444	75.073	76.9	78.728	81.356
441	72.478	75.109	76.937	78.766	81.397
442	72.511	75.144	76.974	78.805	81.437
443	72.546	75.18	77.011	78.842	81.477
444	72.58	75.216	77.048	78.881	81.517
445	72.613	75.251	77.085	78.919	81.557
446	72.648	75.288	77.122	78.957	81.596
447	72.682	75.323	77.159	78.995	81.637
448	72.715	75.358	77.196	79.033	81.677
449	72.75	75.394	77.233	79.071	81.716
450	72.783	75.43	77.27	79.109	81.756
451	72.818	75.466	77.306	79.147	81.795
452	72.851	75.501	77.343	79.185	81.835
453	72.884	75.536	77.38	79.223	81.875
454	72.919	75.572	77.416	79.26	81.914
455	72.952	75.607	77.453	79.298	81.954
456	72.985	75.642	77.489	79.336	81.994
457	73.019	75.678	77.526	79.374	82.032
458	73.052	75.713	77.562	79.412	82.072
459	73.085	75.748	77.599	79.45	82.112
460	73.12	75.784	77.635	79.487	82.151
461	73.153	75.819	77.672	79.525	82.19
462	73.186	75.854	77.708	79.562	82.23
463	73.22	75.889	77.744	79.599	82.269
464	73.253	75.924	77.781	79.637	82.308
465	73.286	75.959	77.817	79.675	82.348
466	73.32	75.994	77.853	79.712	82.386
467	73.353	76.029	77.889	79.749	82.426
468	73.385	76.064	77.925	79.787	82.465
469	73.418	76.098	77.961	79.824	82.505
470	73.452	76.133	77.997	79.861	82.543
471	73.485	76.168	78.033	79.899	82.582
472	73.517	76.203	78.069	79.936	82.622
473	73.551	76.238	78.105	79.973	82.66
474	73.584	76.272	78.141	80.01	82.699
475	73.616	76.307	78.177	80.048	82.738
476	73.65	76.342	78.213	80.084	82.776
477	73.682	76.376	78.249	80.122	82.816
478	73.715	76.411	78.285	80.159	82.855
479	73.748	76.446	78.321	80.195	82.893
480	73.781	76.48	78.356	80.232	82.932
481	73.813	76.514	78.392	80.27	82.971
482	73.847	76.549	78.428	80.306	83.008
483	73.879	76.583	78.463	80.343	83.048
484	73.911	76.618	78.499	80.38	83.087
485	73.945	76.652	78.535	80.417	83.124
486	73.977	76.687	78.57	80.453	83.163
487	74.009	76.721	78.606	80.49	83.202
488	74.041	76.755	78.641	80.527	83.241
489	74.075	76.789	78.676	80.563	83.278
490	74.107	76.823	78.712	80.6	83.317
491	74.139	76.857	78.747	80.637	83.356
492	74.172	76.892	78.783	80.673	83.393
493	74.204	76.926	78.818	80.71	83.432
494	74.236	76.96	78.853	80.747	83.471
495	74.269	76.994	78.888	80.783	83.508
496	74.301	77.028	78.924	80.819	83.546
497	74.333	77.062	78.959	80.856	83.585
498	74.366	77.096	78.994	80.892	83.622
499	74.398	77.13	79.029	80.928	83.661
500	74.429	77.164	79.064	80.965	83.699
501	74.461	77.197	79.099	81.001	83.738
502	74.494	77.231	79.134	81.037	83.775
503	74.526	77.265	79.169	81.074	83.813
504	74.557	77.299	79.204	81.11	83.851
505	74.59	77.333	79.239	81.146	83.888
506	74.622	77.366	79.274	81.182	83.927
507	74.653	77.4	79.309	81.218	83.965
508	74.686	77.434	79.344	81.254	84.002
509	74.717	77.467	79.379	81.29	84.04
510	74.749	77.501	79.413	81.326	84.078
511	74.78	77.534	79.448	81.362	84.116
512	74.813	77.568	79.483	81.398	84.153
513	74.844	77.601	79.518	81.434	84.191
514	74.875	77.634	79.552	81.47	84.229
515	74.908	77.668	79.587	81.505	84.265
516	74.939	77.701	79.621	81.541	84.303
517	74.971	77.735	79.656	81.577	84.341
518	75.002	77.768	79.69	81.613	84.379
519	75.034	77.801	79.725	81.648	84.416
520	75.065	77.835	79.759	81.684	84.453
521	75.096	77.868	79.794	81.72	84.491
522	75.129	77.901	79.828	81.755	84.528
523	75.16	77.934	79.863	81.791	84.565
524	75.191	77.967	79.897	81.827	84.603
525	75.222	78	79.931	81.862	84.641
526	75.254	78.034	79.966	81.897	84.677
527	75.285	78.066	80	81.933	84.715
528	75.316	78.099	80.034	81.969	84.752
529	75.348	78.133	80.068	82.004	84.788
530	75.379	78.165	80.102	82.039	84.826
531	75.41	78.198	80.137	82.075	84.863
532	75.44	78.231	80.171	82.11	84.901
533	75.472	78.264	80.205	82.145	84.937
534	75.503	78.297	80.239	82.181	84.974
535	75.534	78.33	80.273	82.216	85.012
536	75.566	78.363	80.307	82.251	85.048
537	75.596	78.395	80.341	82.286	85.085
538	75.627	78.428	80.375	82.321	85.122
539	75.658	78.46	80.408	82.357	85.159
540	75.69	78.493	80.442	82.391	85.195
541	75.72	78.526	80.476	82.426	85.232
542	75.75	78.558	80.51	82.462	85.269
543	75.782	78.591	80.544	82.496	85.305
544	75.813	78.624	80.577	82.531	85.342
545	75.843	78.656	80.611	82.566	85.379
546	75.873	78.688	80.645	82.601	85.416
547	75.905	78.721	80.679	82.636	85.452
548	75.935	78.753	80.712	82.671	85.489
549	75.966	78.786	80.746	82.706	85.526
550	75.996	78.818	80.779	82.741	85.563
551	76.027	78.851	80.813	82.775	85.598
552	76.058	78.883	80.846	82.81	85.635
553	76.088	78.915	80.88	82.845	85.672
554	76.119	78.948	80.913	82.879	85.707
555	76.149	78.98	80.947	82.914	85.744
556	76.18	79.012	80.98	82.949	85.781
557	76.21	79.044	81.014	82.983	85.817
558	76.241	79.076	81.047	83.017	85.853
559	76.271	79.108	81.08	83.052	85.889
560	76.301	79.14	81.113	83.087	85.926
561	76.331	79.172	81.147	83.121	85.962
562	76.362	79.204	81.18	83.155	85.998
563	76.392	79.236	81.213	83.19	86.034
564	76.422	79.268	81.246	83.225	86.071
565	76.452	79.3	81.28	83.259	86.107
566	76.483	79.332	81.313	83.293	86.142
567	76.513	79.364	81.346	83.327	86.179
568	76.543	79.396	81.379	83.362	86.215
569	76.574	79.428	81.412	83.396	86.25
570	76.603	79.459	81.445	83.43	86.286
571	76.633	79.491	81.478	83.464	86.323
572	76.663	79.523	81.511	83.499	86.359
573	76.694	79.555	81.544	83.533	86.394
574	76.723	79.586	81.577	83.567	86.43
575	76.753	79.618	81.61	83.601	86.466
576	76.782	79.649	81.642	83.635	86.502
577	76.813	79.682	81.675	83.669	86.537
578	76.843	79.713	81.708	83.703	86.573
579	76.872	79.744	81.741	83.737	86.609
580	76.902	79.776	81.774	83.771	86.645
581	76.932	79.808	81.806	83.805	86.68
582	76.962	79.839	81.839	83.839	86.716
583	76.991	79.87	81.872	83.873	86.752
584	77.022	79.902	81.904	83.906	86.786
585	77.051	79.933	81.937	83.94	86.822
586	77.081	79.965	81.969	83.974	86.858
587	77.11	79.996	82.002	84.008	86.894
588	77.14	80.028	82.035	84.041	86.929
589	77.17	80.059	82.067	84.075	86.964
590	77.199	80.09	82.099	84.109	87
591	77.228	80.121	82.132	84.143	87.036
592	77.258	80.153	82.164	84.176	87.07
593	77.288	80.184	82.197	84.21	87.106
594	77.317	80.215	82.229	84.244	87.142
595	77.346	80.246	82.261	84.277	87.177
596	77.376	80.277	82.294	84.31	87.211
597	77.405	80.308	82.326	84.344	87.247
598	77.434	80.339	82.358	84.378	87.283
599	77.463	80.37	82.391	84.411	87.318
600	77.493	80.401	82.423	84.444	87.352
601	77.522	80.432	82.455	84.478	87.388
602	77.551	80.463	82.487	84.511	87.423
603	77.58	80.494	82.519	84.545	87.459
604	77.61	80.525	82.551	84.578	87.493
605	77.639	80.556	82.584	84.611	87.528
606	77.668	80.587	82.616	84.644	87.563
607	77.697	80.617	82.648	84.678	87.599
608	77.727	80.649	82.68	84.711	87.633
609	77.755	80.679	82.712	84.744	87.668
610	77.784	80.71	82.744	84.777	87.703
611	77.813	80.74	82.776	84.811	87.738
612	77.843	80.772	82.807	84.843	87.772
613	77.871	80.802	82.839	84.876	87.807
614	77.9	80.833	82.871	84.91	87.842
615	77.928	80.863	82.903	84.943	87.878
616	77.958	80.894	82.935	84.975	87.911
617	77.987	80.925	82.967	85.009	87.946
618	78.015	80.955	82.998	85.042	87.981
619	78.045	80.986	83.03	85.074	88.015
620	78.074	81.016	83.062	85.107	88.05
621	78.102	81.047	83.094	85.14	88.085
622	78.13	81.077	83.125	85.173	88.12
623	78.16	81.108	83.157	85.206	88.153
624	78.189	81.138	83.188	85.239	88.188
625	78.217	81.168	83.22	85.272	88.223
626	78.245	81.199	83.252	85.304	88.258
627	78.275	81.229	83.283	85.337	88.291
628	78.303	81.26	83.315	85.37	88.326
629	78.331	81.29	83.346	85.402	88.361
630	78.359	81.32	83.378	85.435	88.396
631	78.389	81.35	83.409	85.467	88.429
632	78.417	81.38	83.44	85.5	88.464
633	78.445	81.411	83.472	85.533	88.498
634	78.473	81.441	83.503	85.566	88.533
635	78.503	81.471	83.534	85.598	88.566
636	78.531	81.501	83.566	85.63	88.601
637	78.559	81.531	83.597	85.663	88.635
638	78.587	81.561	83.628	85.696	88.67
639	78.616	81.591	83.66	85.728	88.703
640	78.644	81.621	83.691	85.76	88.737
641	78.672	81.651	83.722	85.793	88.772
642	78.7	81.681	83.753	85.825	88.806
643	78.729	81.711	83.784	85.857	88.839
644	78.757	81.741	83.815	85.889	88.874
645	78.785	81.771	83.846	85.922	88.908
646	78.813	81.801	83.877	85.954	88.942
647	78.842	81.831	83.909	85.986	88.975
648	78.87	81.861	83.94	86.018	89.009
649	78.897	81.89	83.971	86.051	89.044
650	78.925	81.92	84.001	86.083	89.078
651	78.954	81.95	84.032	86.115	89.111
652	78.982	81.98	84.063	86.147	89.145
653	79.009	82.009	84.094	86.179	89.179
654	79.037	82.039	84.125	86.211	89.213
655	79.066	82.069	84.156	86.243	89.246
656	79.094	82.098	84.187	86.275	89.28
657	79.121	82.128	84.217	86.307	89.314
658	79.149	82.157	84.248	86.339	89.348
659	79.177	82.187	84.279	86.371	89.38
660	79.205	82.216	84.31	86.403	89.414
661	79.232	82.246	84.34	86.435	89.448
662	79.26	82.275	84.371	86.467	89.482
663	79.289	82.305	84.402	86.498	89.515
664	79.316	82.334	84.432	86.53	89.549
665	79.343	82.363	84.463	86.562	89.582
666	79.371	82.393	84.493	86.594	89.616
667	79.399	82.422	84.524	86.625	89.649
668	79.427	82.452	84.555	86.657	89.682
669	79.454	82.481	84.585	86.689	89.716
670	79.481	82.51	84.615	86.721	89.75
671	79.51	82.54	84.646	86.752	89.782
672	79.537	82.569	84.676	86.784	89.816
673	79.564	82.598	84.707	86.816	89.849
674	79.591	82.627	84.737	86.847	89.883
675	79.62	82.657	84.767	86.878	89.915
676	79.647	82.685	84.798	86.91	89.949
677	79.674	82.714	84.828	86.942	89.982
678	79.701	82.743	84.858	86.973	90.016
679	79.729	82.773	84.889	87.004	90.048
680	79.756	82.802	84.919	87.036	90.081
681	79.783	82.831	84.949	87.067	90.115
682	79.81	82.859	84.979	87.099	90.148
683	79.838	82.889	85.009	87.13	90.18
684	79.865	82.918	85.039	87.161	90.213
685	79.892	82.946	85.07	87.193	90.247
686	79.919	82.975	85.1	87.224	90.28
687	79.947	83.005	85.13	87.255	90.312
688	79.974	83.033	85.16	87.286	90.345
689	80.001	83.062	85.19	87.317	90.379
690	80.028	83.091	85.22	87.349	90.412
691	80.056	83.12	85.25	87.38	90.444
692	80.083	83.148	85.28	87.411	90.477
693	80.109	83.177	85.31	87.442	90.51
694	80.137	83.206	85.34	87.473	90.542
695	80.164	83.235	85.369	87.504	90.575
696	80.191	83.263	85.399	87.535	90.608
697	80.217	83.292	85.429	87.566	90.641
698	80.245	83.321	85.459	87.597	90.672
699	80.272	83.349	85.489	87.628	90.705
700	80.298	83.378	85.518	87.659	90.738
701	80.325	83.406	85.548	87.69	90.771
702	80.353	83.435	85.578	87.72	90.803
703	80.379	83.464	85.608	87.751	90.836
704	80.406	83.492	85.637	87.782	90.869
705	80.432	83.52	85.667	87.813	90.902
706	80.46	83.549	85.696	87.844	90.933
707	80.486	83.577	85.726	87.875	90.966
708	80.513	83.606	85.756	87.906	90.999
709	80.539	83.634	85.785	87.936	91.031
710	80.567	83.663	85.815	87.967	91.063
711	80.593	83.691	85.844	87.998	91.095
712	80.619	83.719	85.874	88.028	91.128
713	80.645	83.747	85.903	88.059	91.161
714	80.673	83.776	85.933	88.089	91.192
715	80.699	83.804	85.962	88.12	91.225
716	80.726	83.832	85.992	88.151	91.257
717	80.752	83.86	86.021	88.181	91.29
718	80.779	83.889	86.05	88.212	91.321
719	80.805	83.917	86.08	88.242	91.354
720	80.832	83.945	86.109	88.273	91.386
721	80.858	83.973	86.138	88.303	91.419
722	80.885	84.001	86.167	88.333	91.45
723	80.911	84.029	86.197	88.364	91.482
724	80.937	84.057	86.226	88.395	91.515
725	80.965	84.086	86.255	88.425	91.546
726	80.99	84.114	86.284	88.455	91.578
727	81.016	84.141	86.313	88.485	91.61
728	81.042	84.169	86.343	88.516	91.643
729	81.07	84.198	86.372	88.546	91.674
730	81.096	84.225	86.401	88.576	91.706
731	80.422	83.553	85.73	87.906	91.038
732	80.448	83.581	85.759	87.937	91.07
733	80.474	83.609	85.788	87.967	91.102
734	80.5	83.637	85.817	87.997	91.134
735	80.527	83.665	85.846	88.027	91.165
736	80.553	83.692	85.875	88.057	91.197
737	80.578	83.72	85.904	88.088	91.229
738	80.604	83.748	85.933	88.118	91.262
739	80.631	83.776	85.962	88.148	91.292
740	80.657	83.803	85.991	88.178	91.324
741	80.682	83.831	86.019	88.208	91.356
742	80.71	83.859	86.048	88.238	91.387
743	80.735	83.887	86.077	88.268	91.419
744	80.761	83.914	86.106	88.298	91.451
745	80.786	83.942	86.135	88.328	91.483
746	80.813	83.97	86.163	88.357	91.514
747	80.839	83.997	86.192	88.387	91.545
748	80.864	84.024	86.221	88.417	91.577
749	80.89	84.052	86.25	88.447	91.609
750	80.917	84.08	86.278	88.477	91.64
751	80.942	84.107	86.307	88.507	91.672
752	80.968	84.134	86.336	88.537	91.703
753	80.994	84.162	86.364	88.566	91.734
754	81.02	84.189	86.393	88.596	91.766
755	81.045	84.217	86.421	88.626	91.797
756	81.07	84.244	86.45	88.656	91.829
757	81.097	84.272	86.478	88.685	91.859
758	81.123	84.299	86.507	88.715	91.891
759	81.148	84.326	86.535	88.744	91.923
760	81.173	84.353	86.564	88.774	91.954
761	81.2	84.381	86.592	88.803	91.985
762	81.225	84.408	86.621	88.833	92.016
763	81.25	84.435	86.649	88.863	92.048
764	81.277	84.463	86.677	88.892	92.078
765	81.302	84.49	86.706	88.922	92.11
766	81.327	84.517	86.734	88.951	92.141
767	81.352	84.544	86.762	88.981	92.173
768	81.379	84.571	86.791	89.01	92.203
769	81.404	84.598	86.819	89.04	92.234
770	81.429	84.625	86.847	89.069	92.266
771	81.454	84.652	86.875	89.099	92.297
772	81.48	84.68	86.904	89.128	92.327
773	81.505	84.707	86.932	89.157	92.358
774	81.53	84.734	86.96	89.186	92.39
775	81.557	84.761	86.988	89.215	92.42
776	81.582	84.788	87.016	89.245	92.451
777	81.607	84.815	87.044	89.274	92.482
778	81.632	84.841	87.073	89.304	92.513
779	81.658	84.869	87.101	89.332	92.543
780	81.683	84.895	87.129	89.362	92.575
781	81.708	84.922	87.157	89.391	92.606
782	81.734	84.95	87.185	89.42	92.636
783	81.759	84.976	87.213	89.449	92.667
784	81.783	85.003	87.241	89.478	92.698
785	81.808	85.029	87.269	89.508	92.729
786	81.834	85.057	87.297	89.536	92.759
787	81.859	85.083	87.324	89.566	92.79
788	81.884	85.11	87.352	89.595	92.821
789	81.91	85.137	87.38	89.623	92.85
790	81.935	85.164	87.408	89.652	92.881
791	81.959	85.19	87.436	89.682	92.912
792	81.984	85.217	87.464	89.711	92.943
793	82.01	85.244	87.491	89.739	92.973
794	82.034	85.27	87.519	89.768	93.004
795	82.059	85.297	87.547	89.797	93.035
796	82.084	85.323	87.575	89.826	93.066
797	82.109	85.35	87.602	89.855	93.095
798	82.134	85.376	87.63	89.884	93.126
799	82.159	85.403	87.658	89.913	93.157
800	82.184	85.43	87.685	89.941	93.186
801	82.209	85.456	87.713	89.97	93.217
802	82.233	85.482	87.741	89.999	93.248
803	82.258	85.508	87.768	90.028	93.279
804	82.283	85.535	87.796	90.056	93.308
805	82.308	85.562	87.823	90.085	93.339
806	82.332	85.588	87.851	90.114	93.369
807	82.358	85.615	87.878	90.142	93.398
808	82.382	85.641	87.906	90.171	93.429
809	82.407	85.667	87.933	90.199	93.46
810	82.432	85.694	87.961	90.227	93.489
811	82.456	85.72	87.988	90.256	93.519
812	82.481	85.746	88.015	90.285	93.55
813	82.505	85.772	88.043	90.314	93.581
814	82.53	85.798	88.07	90.342	93.61
815	82.555	85.825	88.097	90.37	93.64
816	82.579	85.851	88.125	90.399	93.671
817	82.604	85.877	88.152	90.427	93.699
818	82.628	85.903	88.179	90.455	93.73
819	82.653	85.929	88.207	90.484	93.76
820	82.677	85.955	88.234	90.512	93.791
821	82.702	85.981	88.261	90.54	93.82
822	82.726	86.007	88.288	90.569	93.85
823	82.75	86.033	88.315	90.597	93.88
824	82.775	86.06	88.342	90.625	93.909
825	82.8	86.085	88.37	90.654	93.939
826	82.823	86.111	88.397	90.682	93.97
827	82.847	86.137	88.424	90.71	94
828	82.873	86.163	88.451	90.738	94.029
829	82.897	86.189	88.478	90.766	94.059
830	82.92	86.215	88.505	90.795	94.089
831	82.946	86.241	88.532	90.822	94.118
832	82.969	86.267	88.559	90.851	94.148
833	82.993	86.292	88.586	90.879	94.178
834	83.019	86.319	88.613	90.907	94.207
835	83.042	86.344	88.64	90.935	94.237
836	83.066	86.37	88.666	90.963	94.267
837	83.09	86.395	88.693	90.991	94.297
838	83.115	86.422	88.72	91.019	94.325
839	83.139	86.447	88.747	91.047	94.355
840	83.162	86.473	88.774	91.075	94.385
841	83.187	86.499	88.801	91.102	94.414
842	83.211	86.524	88.827	91.13	94.444
843	83.234	86.55	88.854	91.158	94.474
844	83.259	86.576	88.881	91.186	94.502
845	83.283	86.601	88.907	91.214	94.532
846	83.307	86.626	88.934	91.242	94.562
847	83.33	86.652	88.961	91.27	94.591
848	83.355	86.678	88.987	91.297	94.62
849	83.378	86.703	89.014	91.325	94.65
850	83.402	86.728	89.041	91.353	94.679
851	83.427	86.754	89.067	91.38	94.708
852	83.45	86.78	89.094	91.408	94.737
853	83.474	86.805	89.12	91.436	94.767
854	83.498	86.831	89.147	91.463	94.795
855	83.522	86.856	89.173	91.491	94.825
856	83.545	86.881	89.2	91.519	94.854
857	83.569	86.906	89.226	91.546	94.884
858	83.593	86.932	89.253	91.573	94.912
859	83.617	86.957	89.279	91.601	94.942
860	83.64	86.982	89.306	91.629	94.971
861	83.665	87.008	89.332	91.656	94.999
862	83.688	87.033	89.358	91.684	95.029
863	83.711	87.058	89.385	91.711	95.058
864	83.736	87.084	89.411	91.738	95.086
865	83.759	87.109	89.437	91.766	95.116
866	83.782	87.134	89.464	91.793	95.145
867	83.806	87.159	89.49	91.82	95.173
868	83.83	87.184	89.516	91.848	95.202
869	83.853	87.209	89.542	91.875	95.232
870	83.876	87.234	89.568	91.903	95.261
871	83.9	87.26	89.595	91.93	95.289
872	83.923	87.284	89.621	91.957	95.318
873	83.946	87.309	89.647	91.985	95.348
874	83.971	87.335	89.673	92.011	95.375
875	83.994	87.36	89.699	92.039	95.405
876	84.017	87.384	89.725	92.066	95.434
877	84.041	87.41	89.751	92.093	95.462
878	84.064	87.434	89.777	92.12	95.491
879	84.087	87.459	89.803	92.147	95.52
880	84.111	87.485	89.829	92.174	95.547
881	84.134	87.509	89.855	92.201	95.577
882	84.157	87.534	89.881	92.229	95.606
883	84.181	87.559	89.907	92.255	95.633
884	84.204	87.584	89.933	92.282	95.662
885	84.227	87.608	89.959	92.31	95.691
886	84.251	87.634	89.985	92.336	95.719
887	84.274	87.658	90.011	92.363	95.748
888	84.296	87.683	90.037	92.39	95.777
889	84.319	87.707	90.063	92.418	95.806
890	84.343	87.732	90.088	92.444	95.833
891	84.366	87.757	90.114	92.471	95.862
892	84.389	87.781	90.14	92.498	95.891
893	84.413	87.807	90.166	92.525	95.919
894	84.435	87.831	90.191	92.552	95.947
895	84.458	87.855	90.217	92.579	95.976
896	84.482	87.88	90.243	92.605	96.004
897	84.504	87.905	90.268	92.632	96.032
898	84.527	87.929	90.294	92.659	96.061
899	84.551	87.954	90.32	92.685	96.088
900	84.573	87.979	90.345	92.712	96.117
901	84.596	88.003	90.371	92.739	96.146
902	84.62	88.028	90.397	92.765	96.173
903	84.642	88.052	90.422	92.792	96.202
904	84.665	88.076	90.448	92.819	96.23
905	84.689	88.101	90.473	92.845	96.258
906	84.711	88.125	90.499	92.872	96.286
907	84.733	88.149	90.524	92.899	96.315
908	84.757	88.174	90.55	92.925	96.342
909	84.78	88.199	90.575	92.951	96.37
910	84.802	88.223	90.6	92.978	96.399
911	84.826	88.247	90.626	93.004	96.426
912	84.848	88.272	90.651	93.031	96.454
913	84.87	88.296	90.677	93.057	96.483
914	84.894	88.32	90.702	93.084	96.51
915	84.916	88.344	90.727	93.11	96.538
916	84.938	88.368	90.753	93.137	96.567
917	84.962	88.393	90.778	93.163	96.594
918	84.984	88.417	90.803	93.189	96.622
919	85.006	88.441	90.828	93.216	96.65
920	85.03	88.466	90.854	93.242	96.677
921	85.052	88.489	90.879	93.268	96.706
922	85.074	88.513	90.904	93.295	96.734
923	85.098	88.538	90.929	93.32	96.761
924	85.12	88.562	90.954	93.347	96.789
925	85.142	88.586	90.98	93.373	96.817
926	85.165	88.61	91.005	93.399	96.844
927	85.187	88.634	91.03	93.425	96.872
928	85.209	88.658	91.055	93.452	96.9
929	85.233	88.682	91.08	93.478	96.927
930	85.255	88.706	91.105	93.504	96.955
931	85.277	88.73	91.13	93.53	96.983
932	85.3	88.754	91.155	93.556	97.01
933	85.322	88.778	91.18	93.582	97.038
934	85.344	88.802	91.205	93.608	97.066
935	85.367	88.826	91.23	93.634	97.093
936	85.389	88.85	91.255	93.66	97.121
937	85.411	88.873	91.28	93.687	97.149
938	85.434	88.897	91.305	93.712	97.175
939	85.456	88.921	91.33	93.738	97.203
940	85.478	88.945	91.355	93.764	97.231
941	85.501	88.969	91.379	93.79	97.258
942	85.523	88.993	91.404	93.816	97.286
943	85.544	89.016	91.429	93.842	97.314
944	85.568	89.04	91.454	93.868	97.34
945	85.589	89.064	91.479	93.894	97.368
946	85.611	89.087	91.504	93.92	97.396
947	85.634	89.111	91.528	93.945	97.422
948	85.656	89.135	91.553	93.971	97.45
949	85.677	89.158	91.578	93.997	97.478
950	85.701	89.182	91.602	94.023	97.504
951	85.722	89.206	91.627	94.048	97.532
952	85.745	89.23	91.652	94.074	97.558
953	85.767	89.253	91.676	94.1	97.586
954	85.788	89.277	91.701	94.126	97.614
955	85.811	89.3	91.726	94.151	97.64
956	85.833	89.324	91.75	94.177	97.668
957	85.854	89.347	91.775	94.203	97.695
958	85.877	89.371	91.8	94.228	97.722
959	85.899	89.394	91.824	94.254	97.749
960	85.92	89.418	91.849	94.28	97.777
961	85.943	89.441	91.873	94.305	97.803
962	85.965	89.465	91.898	94.33	97.831
963	85.986	89.488	91.922	94.356	97.858
964	86.009	89.512	91.947	94.381	97.884
965	86.03	89.535	91.971	94.407	97.912
966	86.052	89.558	91.996	94.433	97.939
967	86.075	89.582	92.02	94.458	97.965
968	86.096	89.605	92.044	94.484	97.993
969	86.119	89.629	92.069	94.509	98.019
970	86.14	89.652	92.093	94.534	98.046
971	86.161	89.675	92.118	94.56	98.074
972	86.184	89.699	92.142	94.585	98.1
973	86.205	89.722	92.166	94.611	98.127
974	86.227	89.745	92.191	94.636	98.155
975	86.249	89.769	92.215	94.661	98.18
976	86.271	89.792	92.239	94.687	98.208
977	86.292	89.815	92.264	94.712	98.235
978	86.314	89.838	92.288	94.737	98.261
979	86.336	89.861	92.312	94.763	98.288
980	86.358	89.885	92.336	94.788	98.314
981	86.379	89.908	92.36	94.813	98.341
982	86.4	89.931	92.385	94.838	98.369
983	86.423	89.954	92.409	94.863	98.395
984	86.444	89.977	92.433	94.889	98.422
985	86.465	90	92.457	94.914	98.449
986	86.488	90.024	92.481	94.939	98.475
987	86.509	90.046	92.505	94.964	98.502
988	86.53	90.069	92.53	94.99	98.529
989	86.552	90.093	92.554	95.014	98.555
990	86.573	90.116	92.578	95.04	98.582
991	86.596	90.139	92.602	95.065	98.608
992	86.617	90.162	92.626	95.09	98.635
993	86.638	90.185	92.65	95.115	98.662
994	86.66	90.208	92.674	95.14	98.687
995	86.681	90.231	92.698	95.165	98.715
996	86.702	90.254	92.722	95.19	98.742
997	86.725	90.277	92.746	95.215	98.767
998	86.746	90.3	92.77	95.24	98.794
999	86.768	90.323	92.794	95.265	98.82
1000	86.789	90.346	92.818	95.29	98.847
1001	86.81	90.368	92.842	95.315	98.874
1002	86.832	90.392	92.866	95.34	98.899
1003	86.853	90.414	92.89	95.365	98.926
1004	86.874	90.437	92.914	95.39	98.953
1005	86.896	90.46	92.937	95.415	98.979
1006	86.917	90.483	92.961	95.44	99.006
1007	86.939	90.506	92.985	95.464	99.031
1008	86.96	90.528	93.009	95.489	99.058
1009	86.981	90.551	93.033	95.514	99.085
1010	87.003	90.574	93.057	95.539	99.11
1011	87.024	90.597	93.08	95.564	99.137
1012	87.044	90.619	93.104	95.589	99.164
1013	87.066	90.642	93.128	95.613	99.189
1014	87.087	90.665	93.152	95.638	99.216
1015	87.109	90.688	93.175	95.663	99.241
1016	87.13	90.71	93.199	95.688	99.268
1017	87.151	90.733	93.223	95.713	99.295
1018	87.173	90.756	93.247	95.737	99.32
1019	87.193	90.778	93.27	95.762	99.347
1020	87.215	90.801	93.294	95.786	99.372
1021	87.236	90.824	93.318	95.811	99.399
1022	87.257	90.846	93.341	95.836	99.426
1023	87.279	90.869	93.365	95.86	99.451
1024	87.299	90.891	93.388	95.885	99.478
1025	87.321	90.914	93.412	95.91	99.503
1026	87.342	90.937	93.436	95.934	99.529
1027	87.362	90.959	93.459	95.959	99.556
1028	87.384	90.982	93.483	95.983	99.581
1029	87.405	91.004	93.506	96.008	99.608
1030	87.425	91.027	93.53	96.033	99.634
1031	87.447	91.05	93.553	96.057	99.659
1032	87.468	91.072	93.577	96.082	99.686
1033	87.49	91.095	93.6	96.106	99.711
1034	87.51	91.117	93.624	96.131	99.738
1035	87.531	91.139	93.647	96.156	99.764
1036	87.552	91.162	93.671	96.18	99.789
1037	87.573	91.184	93.694	96.204	99.816
1038	87.595	91.207	93.718	96.228	99.841
1039	87.615	91.229	93.741	96.253	99.867
1040	87.636	91.251	93.765	96.278	99.894
1041	87.657	91.274	93.788	96.302	99.919
1042	87.678	91.296	93.811	96.326	99.945
1043	87.7	91.319	93.835	96.35	99.97
1044	87.72	91.341	93.858	96.375	99.996
1045	87.74	91.363	93.881	96.4	100.023
1046	87.762	91.386	93.905	96.424	100.048
1047	87.782	91.408	93.928	96.448	100.074
1048	87.804	91.431	93.951	96.472	100.099
1049	87.824	91.453	93.975	96.497	100.125
1050	87.844	91.475	93.998	96.521	100.152
1051	87.866	91.497	94.021	96.545	100.176
1052	87.886	91.519	94.045	96.57	100.203
1053	87.908	91.542	94.068	96.594	100.228
1054	87.928	91.564	94.091	96.618	100.254
1055	87.948	91.586	94.114	96.643	100.28
1056	87.97	91.609	94.138	96.667	100.305
1057	87.99	91.631	94.161	96.691	100.331
1058	88.012	91.653	94.184	96.715	100.356
1059	88.032	91.675	94.207	96.739	100.382
1060	88.052	91.697	94.23	96.764	100.408
1061	88.074	91.719	94.254	96.788	100.433
1062	88.094	91.741	94.277	96.812	100.459
1063	88.116	91.764	94.3	96.836	100.484
1064	88.136	91.786	94.323	96.86	100.51
1065	88.156	91.808	94.346	96.884	100.536
1066	88.177	91.83	94.369	96.908	100.561
1067	88.197	91.852	94.392	96.932	100.587
1068	88.219	91.874	94.415	96.956	100.612
1069	88.239	91.896	94.438	96.981	100.638
1070	88.26	91.919	94.462	97.004	100.663
1071	88.28	91.94	94.485	97.029	100.689
1072	88.3	91.962	94.508	97.053	100.715
1073	88.322	91.985	94.531	97.077	100.739
1074	88.342	92.006	94.554	97.101	100.765
1075	88.363	92.029	94.577	97.124	100.79
1076	88.383	92.051	94.6	97.149	100.816
1077	88.403	92.072	94.623	97.173	100.842
1078	88.425	92.095	94.646	97.196	100.866
1079	88.445	92.116	94.669	97.221	100.892
1080	88.466	92.139	94.691	97.244	100.917
1081	88.486	92.16	94.714	97.268	100.943
1082	88.506	92.182	94.737	97.293	100.969
1083	88.527	92.204	94.76	97.316	100.993
1084	88.547	92.226	94.783	97.34	101.019
1085	88.568	92.248	94.806	97.364	101.044
1086	88.588	92.27	94.829	97.388	101.07
1087	88.61	92.292	94.852	97.412	101.094
1088	88.629	92.314	94.875	97.436	101.12
1089	88.649	92.335	94.898	97.46	101.146
1090	88.67	92.357	94.92	97.483	101.17
1091	88.69	92.379	94.943	97.507	101.196
1092	88.712	92.401	94.966	97.531	101.22
1093	88.731	92.423	94.989	97.555	101.246
1094	88.753	92.445	95.012	97.578	101.271
1095	88.772	92.467	95.034	97.602	101.296
1096	88.792	92.488	95.057	97.626	101.322
1097	88.813	92.51	95.08	97.65	101.347
1098	88.833	92.532	95.103	97.674	101.372
1099	88.854	92.554	95.125	97.697	101.397
1100	88.874	92.575	95.148	97.721	101.422
1101	88.895	92.597	95.171	97.744	101.447
1102	88.915	92.619	95.194	97.768	101.472
1103	88.934	92.64	95.216	97.792	101.498
1104	88.956	92.662	95.239	97.816	101.522
1105	88.975	92.684	95.262	97.84	101.548
1106	88.996	92.706	95.284	97.863	101.572
1107	89.016	92.727	95.307	97.887	101.598
1108	89.037	92.749	95.33	97.91	101.622
1109	89.057	92.771	95.352	97.934	101.648
1110	89.076	92.792	95.375	97.958	101.674
1111	89.097	92.814	95.398	97.981	101.698
1112	89.117	92.836	95.42	98.005	101.723
1113	89.138	92.857	95.443	98.028	101.747
1114	89.158	92.879	95.465	98.052	101.773
1115	89.179	92.901	95.488	98.075	101.797
1116	89.198	92.922	95.511	98.099	101.823
1117	89.218	92.943	95.533	98.123	101.848
1118	89.239	92.965	95.556	98.146	101.872
1119	89.258	92.987	95.578	98.17	101.898
1120	89.279	93.009	95.601	98.193	101.922
1121	89.299	93.03	95.623	98.217	101.948
1122	89.32	93.052	95.646	98.24	101.972
1123	89.339	93.073	95.668	98.263	101.997
1124	89.359	93.094	95.691	98.287	102.023
1125	89.38	93.116	95.713	98.31	102.047
1126	89.399	93.137	95.736	98.334	102.072
1127	89.42	93.159	95.758	98.357	102.096
1128	89.439	93.18	95.781	98.381	102.122
1129	89.46	93.202	95.803	98.404	102.146
1130	89.48	93.223	95.825	98.428	102.171
1131	89.501	93.245	95.848	98.451	102.195
1132	89.52	93.266	95.87	98.474	102.22
1133	89.539	93.287	95.893	98.498	102.246
1134	89.56	93.309	95.915	98.521	102.27
1135	89.58	93.33	95.937	98.545	102.295
1136	89.6	93.352	95.96	98.567	102.319
1137	89.62	93.373	95.982	98.591	102.345
1138	89.64	93.395	96.004	98.614	102.368
1139	89.66	93.416	96.027	98.638	102.394
1140	89.679	93.437	96.049	98.661	102.419
1141	89.7	93.459	96.071	98.684	102.443
1142	89.719	93.48	96.094	98.708	102.468
1143	89.74	93.501	96.116	98.731	102.492
1144	89.759	93.522	96.138	98.754	102.517
1145	89.78	93.544	96.161	98.777	102.541
1146	89.799	93.565	96.183	98.8	102.566
1147	89.82	93.587	96.205	98.823	102.59
1148	89.839	93.608	96.227	98.847	102.615
1149	89.86	93.629	96.25	98.87	102.639
1150	89.879	93.65	96.272	98.893	102.665
1151	89.898	93.671	96.294	98.917	102.69
1152	89.919	93.693	96.316	98.939	102.713
1153	89.938	93.714	96.338	98.963	102.739
1154	89.959	93.735	96.361	98.986	102.762
1155	89.978	93.756	96.383	99.009	102.788
1156	89.999	93.778	96.405	99.032	102.811
1157	90.018	93.799	96.427	99.055	102.836
1158	90.038	93.82	96.449	99.078	102.86
1159	90.057	93.841	96.471	99.101	102.885
1160	90.076	93.862	96.493	99.125	102.91
1161	90.097	93.884	96.516	99.148	102.934
1162	90.116	93.905	96.538	99.171	102.959
1163	90.137	93.926	96.56	99.194	102.983
1164	90.156	93.947	96.582	99.217	103.008
1165	90.176	93.968	96.604	99.24	103.031
1166	90.195	93.989	96.626	99.263	103.057
1167	90.216	94.01	96.648	99.286	103.08
1168	90.235	94.031	96.67	99.309	103.105
1169	90.256	94.053	96.692	99.331	103.129
1170	90.275	94.073	96.714	99.355	103.154
1171	90.294	94.094	96.736	99.378	103.179
1172	90.314	94.116	96.758	99.401	103.202
1173	90.333	94.136	96.78	99.424	103.227
1174	90.353	94.158	96.802	99.446	103.251
1175	90.372	94.179	96.824	99.47	103.276
1176	90.393	94.2	96.846	99.492	103.299
1177	90.412	94.221	96.868	99.515	103.324
1178	90.432	94.242	96.89	99.538	103.348
1179	90.451	94.263	96.912	99.561	103.373
1180	90.472	94.284	96.934	99.584	103.396
1181	90.491	94.305	96.956	99.607	103.421
1182	90.511	94.326	96.978	99.629	103.444
1183	90.53	94.347	97	99.653	103.469
1184	90.549	94.367	97.022	99.676	103.494
1185	90.569	94.389	97.043	99.698	103.518
1186	90.588	94.409	97.065	99.721	103.543
1187	90.608	94.43	97.087	99.744	103.566
1188	90.627	94.451	97.109	99.767	103.591
1189	90.647	94.472	97.131	99.789	103.614
1190	90.666	94.493	97.153	99.812	103.639
1191	90.687	94.514	97.174	99.835	103.662
1192	90.705	94.535	97.196	99.858	103.687
1193	90.726	94.556	97.218	99.88	103.71
1194	90.745	94.576	97.24	99.903	103.735
1195	90.765	94.598	97.262	99.926	103.758
1196	90.784	94.618	97.283	99.949	103.783
1197	90.802	94.639	97.305	99.972	103.808
1198	90.823	94.66	97.327	99.994	103.831
1199	90.841	94.68	97.349	100.017	103.856
1200	90.861	94.701	97.37	100.039	103.879
1201	90.88	94.722	97.392	100.063	103.904
1202	90.9	94.743	97.414	100.085	103.927
1203	90.919	94.763	97.436	100.108	103.952
1204	90.939	94.785	97.457	100.13	103.975
1205	90.958	94.805	97.479	100.153	104
1206	90.978	94.826	97.501	100.175	104.023
1207	90.997	94.846	97.522	100.198	104.048
1208	91.017	94.868	97.544	100.22	104.071
1209	91.036	94.888	97.566	100.243	104.096
1210	91.056	94.909	97.587	100.266	104.119
1211	91.074	94.929	97.609	100.288	104.143
1212	91.095	94.95	97.631	100.311	104.167
1213	91.113	94.971	97.652	100.334	104.191
1214	91.132	94.991	97.674	100.356	104.216
1215	91.152	95.012	97.695	100.379	104.239
1216	91.17	95.033	97.717	100.401	104.264
1217	91.191	95.053	97.739	100.424	104.286
1218	91.209	95.074	97.76	100.446	104.311
1219	91.229	95.095	97.782	100.469	104.334
1220	91.248	95.115	97.803	100.491	104.359
1221	91.268	95.136	97.825	100.514	104.382
1222	91.286	95.156	97.846	100.536	104.406
1223	91.306	95.177	97.868	100.558	104.429
1224	91.325	95.197	97.889	100.581	104.454
1225	91.345	95.218	97.911	100.603	104.477
1226	91.363	95.239	97.932	100.626	104.501
1227	91.383	95.26	97.954	100.648	104.524
1228	91.402	95.28	97.975	100.671	104.549
1229	91.422	95.301	97.997	100.693	104.572
1230	91.44	95.321	98.018	100.716	104.596
1231	91.46	95.342	98.04	100.738	104.619
1232	91.479	95.362	98.061	100.76	104.644
1233	91.499	95.383	98.083	100.782	104.666
1234	91.517	95.403	98.104	100.805	104.691
1235	91.537	95.424	98.125	100.827	104.714
1236	91.555	95.444	98.147	100.85	104.738
1237	91.574	95.464	98.168	100.872	104.763
1238	91.594	95.485	98.19	100.894	104.785
1239	91.612	95.505	98.211	100.917	104.81
1240	91.632	95.526	98.232	100.939	104.833
1241	91.65	95.546	98.254	100.961	104.857
1242	91.67	95.566	98.275	100.983	104.88
1243	91.688	95.587	98.296	101.006	104.904
1244	91.708	95.607	98.318	101.028	104.927
1245	91.726	95.627	98.339	101.05	104.951
1246	91.746	95.648	98.36	101.072	104.974
1247	91.765	95.668	98.382	101.095	104.998
1248	91.784	95.689	98.403	101.117	105.021
1249	91.803	95.709	98.424	101.139	105.046
1250	91.822	95.73	98.445	101.161	105.068
1251	91.841	95.75	98.467	101.184	105.093
1252	91.86	95.77	98.488	101.205	105.115
1253	91.879	95.79	98.509	101.228	105.139
1254	91.898	95.811	98.53	101.25	105.162
1255	91.917	95.831	98.552	101.272	105.186
1256	91.936	95.851	98.573	101.294	105.209
1257	91.955	95.871	98.594	101.316	105.233
1258	91.974	95.892	98.615	101.338	105.256
1259	91.992	95.912	98.636	101.361	105.28
1260	92.012	95.933	98.658	101.382	105.303
1261	92.03	95.952	98.679	101.405	105.327
1262	92.05	95.973	98.7	101.427	105.35
1263	92.068	95.993	98.721	101.449	105.374
1264	92.088	96.013	98.742	101.471	105.396
1265	92.106	96.033	98.763	101.493	105.42
1266	92.126	96.054	98.784	101.515	105.443
1267	92.144	96.074	98.805	101.537	105.467
1268	92.163	96.094	98.827	101.559	105.49
1269	92.181	96.114	98.848	101.581	105.514
1270	92.201	96.135	98.869	101.603	105.536
1271	92.219	96.154	98.89	101.625	105.56
1272	92.239	96.175	98.911	101.647	105.583
1273	92.257	96.195	98.932	101.669	105.607
1274	92.275	96.214	98.953	101.691	105.631
1275	92.294	96.235	98.974	101.713	105.653
1276	92.312	96.255	98.995	101.735	105.678
1277	92.332	96.275	99.016	101.757	105.7
1278	92.35	96.295	99.037	101.779	105.724
1279	92.369	96.315	99.058	101.801	105.746
1280	92.387	96.335	99.079	101.823	105.77
1281	92.407	96.355	99.1	101.844	105.793
1282	92.425	96.375	99.121	101.867	105.817
1283	92.444	96.395	99.142	101.888	105.839
1284	92.462	96.415	99.163	101.91	105.863
1285	92.482	96.436	99.184	101.932	105.886
1286	92.5	96.455	99.205	101.954	105.91
1287	92.519	96.475	99.226	101.976	105.932
1288	92.537	96.495	99.246	101.998	105.956
1289	92.556	96.515	99.267	102.019	105.978
1290	92.574	96.535	99.288	102.041	106.002
1291	92.594	96.555	99.309	102.063	106.024
1292	92.612	96.575	99.33	102.085	106.048
1293	92.631	96.595	99.351	102.106	106.071
1294	92.649	96.615	99.372	102.128	106.094
1295	92.668	96.635	99.393	102.15	106.117
1296	92.686	96.655	99.413	102.172	106.141
1297	92.706	96.675	99.434	102.193	106.163
1298	92.723	96.695	99.455	102.215	106.187
1299	92.743	96.715	99.476	102.237	106.209
1300	92.76	96.734	99.497	102.259	106.233
1301	92.78	96.755	99.517	102.28	106.255
1302	92.798	96.774	99.538	102.302	106.279
1303	92.817	96.794	99.559	102.324	106.301
1304	92.835	96.814	99.58	102.346	106.325
1305	92.854	96.834	99.601	102.367	106.347
1306	92.872	96.854	99.621	102.389	106.371
1307	92.891	96.874	99.642	102.41	106.393
1308	92.909	96.893	99.663	102.432	106.417
1309	92.928	96.913	99.683	102.453	106.439
1310	92.946	96.933	99.704	102.475	106.462
1311	92.965	96.953	99.725	102.497	106.485
1312	92.983	96.972	99.746	102.519	106.508
1313	93.002	96.992	99.766	102.54	106.53
1314	93.02	97.012	99.787	102.562	106.554
1315	93.039	97.032	99.808	102.583	106.576
1316	93.056	97.051	99.828	102.605	106.6
1317	93.076	97.071	99.849	102.626	106.622
1318	93.093	97.091	99.87	102.648	106.646
1319	93.113	97.111	99.89	102.669	106.668
1320	93.13	97.13	99.911	102.691	106.691
1321	93.149	97.15	99.931	102.712	106.713
1322	93.168	97.17	99.952	102.734	106.735
1323	93.186	97.19	99.973	102.755	106.759
1324	93.205	97.21	99.993	102.777	106.781
1325	93.223	97.229	100.014	102.798	106.805
1326	93.242	97.249	100.034	102.819	106.826
1327	93.259	97.268	100.055	102.841	106.85
1328	93.279	97.288	100.075	102.862	106.872
1329	93.296	97.308	100.096	102.884	106.896
1330	93.315	97.328	100.116	102.905	106.918
1331	93.333	97.347	100.137	102.927	106.941
1332	93.352	97.367	100.157	102.948	106.963
1333	93.369	97.386	100.178	102.97	106.987
1334	93.388	97.406	100.198	102.991	107.008
1335	93.406	97.425	100.219	103.013	107.032
1336	93.425	97.445	100.239	103.034	107.054
1337	93.442	97.464	100.26	103.055	107.077
1338	93.461	97.484	100.28	103.076	107.099
1339	93.479	97.503	100.301	103.098	107.123
1340	93.498	97.523	100.321	103.119	107.145
1341	93.515	97.542	100.342	103.141	107.168
1342	93.534	97.562	100.362	103.162	107.19
1343	93.552	97.581	100.382	103.183	107.213
1344	93.571	97.601	100.403	103.204	107.235
1345	93.588	97.62	100.423	103.226	107.258
1346	93.607	97.64	100.444	103.247	107.28
1347	93.624	97.659	100.464	103.269	107.304
1348	93.643	97.679	100.484	103.29	107.325
1349	93.661	97.698	100.505	103.311	107.349
1350	93.68	97.718	100.525	103.332	107.37
1351	93.697	97.737	100.545	103.354	107.394
1352	93.716	97.757	100.566	103.375	107.416
1353	93.733	97.776	100.586	103.396	107.439
1354	93.752	97.796	100.606	103.417	107.461
1355	93.769	97.815	100.627	103.439	107.484
1356	93.788	97.834	100.647	103.459	107.506
1357	93.805	97.853	100.667	103.481	107.529
1358	93.824	97.873	100.688	103.502	107.551
1359	93.842	97.892	100.708	103.523	107.574
1360	93.86	97.912	100.728	103.544	107.596
1361	93.878	97.931	100.748	103.566	107.619
1362	93.897	97.951	100.769	103.586	107.64
1363	93.915	97.97	100.789	103.607	107.662
1364	93.933	97.989	100.809	103.629	107.685
1365	93.951	98.009	100.829	103.649	107.707
1366	93.969	98.028	100.849	103.671	107.73
1367	93.987	98.047	100.87	103.692	107.752
1368	94.004	98.066	100.89	103.713	107.775
1369	94.023	98.086	100.91	103.734	107.796
1370	94.04	98.105	100.93	103.755	107.82
1371	94.059	98.124	100.95	103.776	107.841
1372	94.076	98.143	100.97	103.797	107.864
1373	94.095	98.163	100.991	103.818	107.886
1374	94.112	98.182	101.011	103.839	107.909
1375	94.131	98.201	101.031	103.86	107.931
1376	94.148	98.22	101.051	103.881	107.954
1377	94.167	98.24	101.071	103.902	107.975
1378	94.184	98.259	101.091	103.924	107.998
1379	94.203	98.278	101.111	103.944	108.02
1380	94.22	98.297	101.131	103.966	108.043
1381	94.238	98.317	101.151	103.986	108.064
1382	94.255	98.335	101.171	104.007	108.087
1383	94.274	98.355	101.192	104.028	108.109
1384	94.291	98.374	101.212	104.049	108.132
1385	94.31	98.393	101.232	104.07	108.153
1386	94.327	98.412	101.252	104.091	108.177
1387	94.345	98.431	101.272	104.112	108.198
1388	94.364	98.451	101.292	104.132	108.219
1389	94.381	98.47	101.312	104.154	108.242
1390	94.4	98.489	101.332	104.174	108.264
1391	94.417	98.508	101.352	104.196	108.287
1392	94.435	98.527	101.372	104.216	108.308
1393	94.452	98.546	101.392	104.237	108.331
1394	94.471	98.565	101.412	104.258	108.352
1395	94.488	98.584	101.432	104.279	108.375
1396	94.506	98.604	101.452	104.299	108.397
1397	94.523	98.622	101.471	104.321	108.42
1398	94.542	98.642	101.491	104.341	108.441
1399	94.559	98.66	101.511	104.362	108.464
1400	94.577	98.68	101.531	104.383	108.485
1401	94.594	98.698	101.551	104.404	108.508
1402	94.613	98.718	101.571	104.424	108.529
1403	94.629	98.736	101.591	104.446	108.552
1404	94.648	98.756	101.611	104.466	108.574
1405	94.665	98.774	101.631	104.487	108.596
1406	94.683	98.794	101.651	104.507	108.618
1407	94.702	98.813	101.67	104.528	108.639
1408	94.719	98.831	101.69	104.549	108.662
1409	94.737	98.851	101.71	104.569	108.683
1410	94.754	98.869	101.73	104.59	108.706
1411	94.772	98.889	101.75	104.611	108.727
1412	94.789	98.907	101.77	104.632	108.75
1413	94.808	98.926	101.789	104.652	108.771
1414	94.824	98.945	101.809	104.673	108.794
1415	94.843	98.964	101.829	104.694	108.815
1416	94.86	98.983	101.849	104.715	108.838
1417	94.878	99.002	101.869	104.735	108.859
1418	94.895	99.021	101.888	104.756	108.882
1419	94.913	99.04	101.908	104.776	108.903
1420	94.93	99.058	101.928	104.797	108.926
1421	94.948	99.077	101.948	104.818	108.947
1422	94.965	99.096	101.967	104.839	108.97
1423	94.983	99.115	101.987	104.859	108.991
1424	95.002	99.134	102.007	104.879	109.012
1425	95.018	99.153	102.026	104.9	109.035
1426	95.037	99.172	102.046	104.92	109.056
1427	95.053	99.19	102.066	104.941	109.078
1428	95.072	99.209	102.086	104.962	109.099
1429	95.088	99.228	102.105	104.983	109.122
1430	95.107	99.247	102.125	105.003	109.143
1431	95.123	99.265	102.145	105.024	109.166
1432	95.142	99.285	102.164	105.044	109.187
1433	95.158	99.303	102.184	105.065	109.21
1434	95.177	99.322	102.204	105.085	109.23
1435	95.193	99.34	102.223	105.106	109.253
1436	95.211	99.36	102.243	105.126	109.274
1437	95.23	99.379	102.262	105.146	109.295
1438	95.246	99.397	102.282	105.167	109.318
1439	95.265	99.416	102.302	105.187	109.339
1440	95.281	99.434	102.321	105.208	109.361
1441	95.299	99.453	102.341	105.228	109.382
1442	95.316	99.472	102.36	105.249	109.405
1443	95.334	99.491	102.38	105.269	109.426
1444	95.351	99.509	102.4	105.29	109.448
1445	95.369	99.528	102.419	105.31	109.469
1446	95.385	99.546	102.439	105.331	109.492
1447	95.404	99.565	102.458	105.351	109.513
1448	95.42	99.584	102.478	105.372	109.535
1449	95.438	99.603	102.497	105.392	109.556
1450	95.456	99.622	102.517	105.412	109.577
1451	95.473	99.64	102.536	105.433	109.6
1452	95.491	99.659	102.556	105.453	109.621
1453	95.508	99.677	102.575	105.474	109.643
1454	95.526	99.696	102.595	105.494	109.664
1455	95.542	99.714	102.614	105.514	109.687
1456	95.56	99.733	102.634	105.534	109.707
1457	95.577	99.752	102.653	105.555	109.73
1458	95.595	99.77	102.673	105.575	109.751
1459	95.611	99.789	102.692	105.596	109.773
1460	95.629	99.808	102.712	105.616	109.794
1461	95.646	99.826	102.731	105.637	109.816
1462	95.664	99.845	102.751	105.657	109.837
1463	95.682	99.864	102.77	105.676	109.858
1464	95.699	99.882	102.79	105.697	109.88
1465	95.717	99.901	102.809	105.717	109.901
1466	95.733	99.919	102.828	105.738	109.924
1467	95.751	99.938	102.848	105.758	109.944
1468	95.767	99.956	102.867	105.778	109.967
1469	95.785	99.975	102.887	105.798	109.988
1470	95.802	99.993	102.906	105.819	110.01
1471	95.82	100.012	102.925	105.839	110.031
1472	95.836	100.03	102.945	105.859	110.053
1473	95.854	100.049	102.964	105.879	110.074
1474	95.872	100.067	102.983	105.899	110.094
1475	95.889	100.085	103.003	105.92	110.117
1476	95.907	100.104	103.022	105.94	110.137
1477	95.923	100.122	103.041	105.96	110.16
1478	95.941	100.141	103.061	105.98	110.181
1479	95.957	100.159	103.08	106.001	110.203
1480	95.975	100.178	103.099	106.021	110.223
1481	95.991	100.196	103.119	106.041	110.246
1482	96.009	100.215	103.138	106.061	110.266
1483	96.026	100.233	103.157	106.082	110.289
1484	96.044	100.252	103.177	106.101	110.309
1485	96.062	100.27	103.196	106.121	110.33
1486	96.078	100.288	103.215	106.142	110.352
1487	96.096	100.307	103.234	106.162	110.373
1488	96.112	100.325	103.254	106.182	110.395
1489	96.13	100.344	103.273	106.202	110.416
1490	96.146	100.362	103.292	106.222	110.438
1491	96.164	100.38	103.311	106.242	110.459
1492	96.18	100.399	103.331	106.263	110.481
1493	96.198	100.417	103.35	106.282	110.502
1494	96.214	100.435	103.369	106.303	110.524
1495	96.232	100.454	103.388	106.323	110.544
1496	96.25	100.472	103.407	106.342	110.565
1497	96.266	100.49	103.427	106.363	110.587
1498	96.284	100.509	103.446	106.383	110.608
1499	96.3	100.527	103.465	106.403	110.63
1500	96.318	100.546	103.484	106.423	110.65
1501	96.334	100.564	103.503	106.443	110.673
1502	96.352	100.582	103.523	106.463	110.693
1503	96.368	100.6	103.542	106.483	110.715
1504	96.386	100.619	103.561	106.503	110.736
1505	96.404	100.637	103.58	106.523	110.756
1506	96.42	100.655	103.599	106.543	110.778
1507	96.438	100.674	103.618	106.563	110.799
1508	96.454	100.692	103.637	106.583	110.821
1509	96.472	100.71	103.657	106.603	110.841
1510	96.488	100.728	103.676	106.623	110.863
1511	96.505	100.747	103.695	106.643	110.884
1512	96.522	100.765	103.714	106.663	110.906
1513	96.539	100.783	103.733	106.683	110.926
1514	96.557	100.802	103.752	106.702	110.947
1515	96.573	100.82	103.771	106.723	110.969
1516	96.591	100.838	103.79	106.742	110.989
1517	96.607	100.856	103.809	106.763	111.011
1518	96.625	100.874	103.828	106.782	111.032
1519	96.641	100.892	103.847	106.802	111.054
1520	96.658	100.911	103.866	106.822	111.074
1521	96.674	100.928	103.885	106.842	111.096
1522	96.692	100.947	103.905	106.862	111.117
1523	96.71	100.965	103.924	106.882	111.137
1524	96.726	100.983	103.943	106.902	111.159
1525	96.744	101.002	103.962	106.921	111.18
1526	96.76	101.02	103.981	106.942	111.202
1527	96.777	101.038	104	106.961	111.222
1528	96.793	101.056	104.019	106.981	111.244
1529	96.811	101.074	104.038	107.001	111.264
1530	96.827	101.092	104.057	107.021	111.286
1531	96.844	101.11	104.076	107.041	111.307
1532	96.862	101.129	104.095	107.06	111.327
1533	96.878	101.147	104.114	107.08	111.349
1534	96.896	101.165	104.132	107.1	111.369
1535	96.912	101.183	104.151	107.12	111.391
1536	96.929	101.201	104.17	107.14	111.411
1537	96.945	101.219	104.189	107.16	111.433
1538	96.963	101.237	104.208	107.179	111.454
1539	96.98	101.256	104.227	107.199	111.474
1540	96.996	101.273	104.246	107.219	111.496
1541	97.014	101.292	104.265	107.238	111.516
1542	97.03	101.309	104.284	107.259	111.538
1543	97.047	101.328	104.303	107.278	111.558
1544	97.063	101.345	104.322	107.298	111.58
1545	97.081	101.364	104.341	107.318	111.6
1546	97.097	101.381	104.36	107.338	111.622
1547	97.114	101.4	104.378	107.357	111.642
1548	97.132	101.418	104.397	107.376	111.663
1549	97.148	101.436	104.416	107.397	111.685
1550	97.165	101.454	104.435	107.416	111.705
1551	97.181	101.472	104.454	107.436	111.727
1552	97.199	101.49	104.473	107.456	111.747
1553	97.214	101.507	104.492	107.476	111.769
1554	97.232	101.526	104.51	107.495	111.789
1555	97.249	101.544	104.529	107.514	111.809
1556	97.265	101.562	104.548	107.534	111.831
1557	97.283	101.58	104.567	107.554	111.851
1558	97.298	101.597	104.586	107.574	111.873
1559	97.316	101.616	104.605	107.593	111.893
1560	97.332	101.633	104.623	107.613	111.915
1561	97.349	101.652	104.642	107.633	111.935
1562	97.365	101.669	104.661	107.653	111.957
1563	97.383	101.687	104.68	107.672	111.977
1564	97.4	101.706	104.698	107.691	111.997
1565	97.416	101.723	104.717	107.711	112.019
1566	97.433	101.741	104.736	107.731	112.039
1567	97.449	101.759	104.755	107.751	112.06
1568	97.466	101.777	104.774	107.77	112.081
1569	97.482	101.795	104.792	107.79	112.102
1570	97.5	101.813	104.811	107.809	112.122
1571	97.517	101.831	104.83	107.828	112.142
1572	97.533	101.848	104.848	107.848	112.164
1573	97.55	101.867	104.867	107.868	112.184
1574	97.566	101.884	104.886	107.888	112.206
1575	97.583	101.902	104.905	107.907	112.226
1576	97.599	101.92	104.923	107.927	112.248
1577	97.616	101.938	104.942	107.946	112.268
1578	97.634	101.956	104.961	107.965	112.288
1579	97.649	101.974	104.979	107.985	112.309
1580	97.667	101.992	104.998	108.004	112.329
1581	97.682	102.009	105.017	108.024	112.351
1582	97.7	102.027	105.035	108.043	112.371
1583	97.715	102.045	105.054	108.063	112.393
1584	97.733	102.063	105.073	108.083	112.413
1585	97.75	102.081	105.091	108.102	112.433
1586	97.766	102.098	105.11	108.122	112.454
1587	97.783	102.117	105.129	108.141	112.474
1588	97.799	102.134	105.147	108.161	112.496
1589	97.816	102.152	105.166	108.18	112.516
1590	97.832	102.169	105.185	108.2	112.538
1591	97.849	102.187	105.203	108.219	112.558
1592	97.866	102.206	105.222	108.238	112.577
1593	97.882	102.223	105.24	108.258	112.599
1594	97.899	102.241	105.259	108.277	112.619
1595	97.915	102.258	105.278	108.297	112.641
1596	97.932	102.276	105.296	108.316	112.661
1597	97.947	102.294	105.315	108.336	112.682
1598	97.965	102.312	105.333	108.355	112.702
1599	97.982	102.33	105.352	108.374	112.722
1600	97.998	102.347	105.371	108.394	112.743
1601	98.015	102.365	105.389	108.413	112.763
1602	98.03	102.382	105.408	108.433	112.785
1603	98.048	102.401	105.426	108.452	112.805
1604	98.063	102.418	105.445	108.472	112.826
1605	98.08	102.436	105.463	108.491	112.846
1606	98.098	102.454	105.482	108.51	112.866
1607	98.113	102.471	105.5	108.53	112.888
1608	98.13	102.489	105.519	108.549	112.907
1609	98.146	102.506	105.537	108.568	112.929
1610	98.163	102.524	105.556	108.587	112.949
1611	98.178	102.542	105.574	108.607	112.97
1612	98.196	102.56	105.593	108.626	112.99
1613	98.213	102.578	105.611	108.645	113.01
1614	98.228	102.595	105.63	108.665	113.031
1615	98.245	102.613	105.648	108.684	113.051
1616	98.261	102.63	105.667	108.704	113.073
1617	98.278	102.648	105.685	108.723	113.092
1618	98.293	102.665	105.704	108.742	113.114
1619	98.311	102.683	105.722	108.761	113.134
1620	98.328	102.701	105.741	108.78	113.153
1621	98.343	102.718	105.759	108.8	113.175
1622	98.36	102.736	105.778	108.819	113.195
1623	98.376	102.753	105.796	108.839	113.216
1624	98.393	102.771	105.814	108.858	113.236
1625	98.41	102.789	105.833	108.877	113.256
1626	98.425	102.806	105.851	108.896	113.277
1627	98.443	102.824	105.87	108.915	113.297
1628	98.458	102.841	105.888	108.935	113.318
1629	98.475	102.859	105.906	108.954	113.338
1630	98.49	102.876	105.925	108.973	113.359
1631	98.507	102.894	105.943	108.992	113.379
1632	98.525	102.912	105.962	109.011	113.399
1633	98.54	102.929	105.98	109.031	113.42
1634	98.557	102.947	105.998	109.05	113.44
1635	98.572	102.964	106.017	109.069	113.461
1636	98.589	102.982	106.035	109.088	113.481
1637	98.605	102.999	106.053	109.108	113.502
1638	98.622	103.017	106.072	109.127	113.522
1639	98.639	103.035	106.09	109.146	113.541
1640	98.654	103.052	106.108	109.165	113.563
1641	98.671	103.07	106.127	109.184	113.582
1642	98.686	103.087	106.145	109.204	113.604
1643	98.703	103.104	106.163	109.222	113.623
1644	98.721	103.122	106.182	109.241	113.643
1645	98.736	103.139	106.2	109.261	113.664
1646	98.753	103.157	106.218	109.28	113.684
1647	98.768	103.174	106.237	109.299	113.705
1648	98.785	103.192	106.255	109.318	113.725
1649	98.8	103.209	106.273	109.338	113.746
1650	98.817	103.227	106.292	109.356	113.766
1651	98.834	103.244	106.31	109.375	113.785
1652	98.85	103.261	106.328	109.395	113.806
1653	98.867	103.279	106.346	109.413	113.826
1654	98.882	103.296	106.365	109.433	113.847
1655	98.899	103.314	106.383	109.452	113.867
1656	98.916	103.332	106.401	109.47	113.886
1657	98.931	103.349	106.419	109.49	113.908
1658	98.948	103.366	106.438	109.509	113.927
1659	98.963	103.383	106.456	109.528	113.948
1660	98.98	103.401	106.474	109.547	113.968
1661	98.995	103.418	106.492	109.566	113.989
1662	99.012	103.436	106.51	109.585	114.009
1663	99.029	103.453	106.529	109.604	114.028
1664	99.044	103.47	106.547	109.623	114.049
1665	99.061	103.488	106.565	109.642	114.069
1666	99.076	103.505	106.583	109.661	114.09
1667	99.093	103.522	106.601	109.68	114.11
1668	99.11	103.54	106.62	109.699	114.129
1669	99.125	103.557	106.638	109.718	114.15
1670	99.142	103.575	106.656	109.737	114.17
1671	99.157	103.592	106.674	109.756	114.191
1672	99.174	103.609	106.692	109.775	114.21
1673	99.189	103.626	106.71	109.794	114.231
1674	99.206	103.644	106.728	109.813	114.251
1675	99.223	103.661	106.747	109.832	114.27
1676	99.238	103.678	106.765	109.851	114.291
1677	99.255	103.696	106.783	109.87	114.311
1678	99.27	103.713	106.801	109.889	114.332
1679	99.287	103.73	106.819	109.908	114.351
1680	99.303	103.748	106.837	109.926	114.371
1681	99.319	103.765	106.855	109.946	114.392
1682	99.335	103.782	106.873	109.964	114.411
1683	99.35	103.799	106.891	109.984	114.432
1684	99.367	103.817	106.909	110.002	114.452
1685	99.384	103.834	106.928	110.021	114.471
1686	99.399	103.851	106.946	110.04	114.492
1687	99.416	103.869	106.964	110.059	114.511
1688	99.431	103.885	106.982	110.078	114.533
1689	99.448	103.903	107	110.097	114.552
1690	99.463	103.92	107.018	110.116	114.573
1691	99.479	103.937	107.036	110.134	114.592
1692	99.496	103.955	107.054	110.153	114.612
1693	99.511	103.972	107.072	110.172	114.633
1694	99.528	103.989	107.09	110.191	114.652
1695	99.543	104.006	107.108	110.21	114.673
1696	99.56	104.023	107.126	110.229	114.692
1697	99.576	104.041	107.144	110.247	114.712
1698	99.591	104.058	107.162	110.266	114.733
1699	99.608	104.075	107.18	110.285	114.752
1700	99.623	104.092	107.198	110.304	114.773
1701	99.64	104.109	107.216	110.323	114.792
1702	99.656	104.127	107.234	110.341	114.811
1703	99.671	104.143	107.252	110.36	114.832
1704	99.688	104.161	107.27	110.379	114.852
1705	99.703	104.178	107.288	110.398	114.873
1706	99.72	104.195	107.306	110.416	114.892
1707	99.735	104.212	107.324	110.436	114.913
1708	99.751	104.229	107.342	110.454	114.932
1709	99.768	104.247	107.36	110.473	114.951
1710	99.783	104.263	107.378	110.492	114.972
1711	99.799	104.281	107.395	110.51	114.991
1712	99.814	104.297	107.413	110.529	115.012
1713	99.831	104.315	107.431	110.548	115.031
1714	99.848	104.332	107.449	110.566	115.051
1715	99.863	104.349	107.467	110.585	115.072
1716	99.879	104.366	107.485	110.604	115.091
1717	99.894	104.383	107.503	110.623	115.112
1718	99.911	104.4	107.521	110.641	115.131
1719	99.927	104.417	107.539	110.66	115.15
1720	99.942	104.434	107.557	110.679	115.171
1721	99.959	104.451	107.574	110.697	115.19
1722	99.973	104.468	107.592	110.716	115.211
1723	99.99	104.485	107.61	110.735	115.23
1724	100.007	104.503	107.628	110.753	115.249
1725	100.021	104.519	107.646	110.772	115.27
1726	100.038	104.537	107.664	110.791	115.289
1727	100.053	104.553	107.681	110.81	115.31
1728	100.069	104.571	107.699	110.828	115.329
1729	100.084	104.587	107.717	110.847	115.35
1730	100.101	104.604	107.735	110.865	115.369
1731	100.117	104.622	107.753	110.884	115.388
1732	100.132	104.638	107.771	110.903	115.409
1733	100.149	104.656	107.788	110.921	115.428
1734	100.163	104.672	107.806	110.94	115.449
1735	100.18	104.689	107.824	110.958	115.468
1736	100.196	104.707	107.842	110.977	115.487
1737	100.211	104.723	107.859	110.996	115.508
1738	100.228	104.74	107.877	111.014	115.527
1739	100.242	104.757	107.895	111.033	115.547
1740	100.259	104.774	107.913	111.051	115.567
1741	100.275	104.791	107.93	111.069	115.585
1742	100.29	104.808	107.948	111.088	115.606
1743	100.307	104.825	107.966	111.107	115.625
1744	100.321	104.842	107.984	111.126	115.646
1745	100.338	104.859	108.001	111.144	115.665
1746	100.354	104.876	108.019	111.162	115.684
1747	100.369	104.892	108.037	111.181	115.705
1748	100.385	104.91	108.055	111.199	115.724
1749	100.4	104.926	108.072	111.218	115.744
1750	100.416	104.943	108.09	111.237	115.763
1751	100.433	104.96	108.108	111.255	115.782
1752	100.448	104.977	108.125	111.274	115.803
1753	100.464	104.994	108.143	111.292	115.822
1754	100.479	105.011	108.161	111.311	115.843
1755	100.495	105.028	108.178	111.329	115.862
1756	100.511	105.045	108.196	111.347	115.881
1757	100.526	105.061	108.214	111.366	115.901
1758	100.542	105.078	108.231	111.384	115.92
1759	100.557	105.095	108.249	111.403	115.941
1760	100.573	105.112	108.267	111.421	115.96
1761	100.588	105.128	108.284	111.44	115.98
1762	100.604	105.145	108.302	111.458	115.999
1763	100.621	105.163	108.32	111.476	116.018
1764	100.635	105.179	108.337	111.495	116.039
1765	100.652	105.196	108.355	111.513	116.058
1766	100.666	105.212	108.372	111.532	116.078
1767	100.683	105.229	108.39	111.55	116.097
1768	100.699	105.247	108.408	111.568	116.116
1769	100.714	105.263	108.425	111.587	116.137
1770	100.73	105.28	108.443	111.605	116.156
1771	100.744	105.296	108.46	111.624	116.176
1772	100.761	105.313	108.478	111.642	116.195
1773	100.777	105.33	108.495	111.66	116.214
1774	100.792	105.347	108.513	111.679	116.234
1775	100.808	105.364	108.531	111.697	116.253
1776	100.822	105.38	108.548	111.716	116.274
1777	100.839	105.397	108.566	111.734	116.293
1778	100.855	105.414	108.583	111.752	116.311
1779	100.87	105.431	108.601	111.771	116.332
1780	100.886	105.448	108.618	111.789	116.351
1781	100.9	105.464	108.636	111.808	116.371
1782	100.917	105.481	108.653	111.826	116.39
1783	100.933	105.498	108.671	111.844	116.409
1784	100.947	105.514	108.688	111.863	116.429
1785	100.964	105.531	108.706	111.881	116.448
1786	100.978	105.547	108.723	111.899	116.469
1787	100.994	105.564	108.741	111.917	116.487
1788	101.011	105.581	108.758	111.935	116.506
1789	101.025	105.597	108.776	111.954	116.527
1790	101.041	105.614	108.793	111.972	116.545
1791	101.056	105.631	108.811	111.991	116.566
1792	101.072	105.648	108.828	112.009	116.585
1793	101.088	105.665	108.846	112.027	116.603
1794	101.103	105.681	108.863	112.046	116.624
1795	101.119	105.698	108.881	112.063	116.642
1796	101.133	105.714	108.898	112.082	116.663
1797	101.149	105.731	108.916	112.1	116.682
1798	101.166	105.748	108.933	112.118	116.7
1799	101.18	105.764	108.95	112.137	116.721
1800	101.196	105.781	108.968	112.155	116.739
1801	101.21	105.797	108.985	112.173	116.76
1802	101.227	105.814	109.003	112.191	116.779
1803	101.243	105.831	109.02	112.209	116.797
1804	101.257	105.847	109.037	112.228	116.818
1805	101.273	105.864	109.055	112.246	116.836
1806	101.288	105.88	109.072	112.264	116.857
1807	101.304	105.897	109.09	112.282	116.875
1808	101.32	105.914	109.107	112.3	116.894
1809	101.334	105.93	109.124	112.319	116.914
1810	101.35	105.947	109.142	112.337	116.933
1811	101.365	105.963	109.159	112.355	116.953
1812	101.381	105.98	109.176	112.373	116.972
1813	101.397	105.997	109.194	112.391	116.991
1814	101.411	106.013	109.211	112.41	117.011
1815	101.427	106.03	109.229	112.427	117.03
1816	101.442	106.046	109.246	112.446	117.05
1817	101.458	106.063	109.263	112.464	117.069
1818	101.474	106.079	109.281	112.482	117.087
1819	101.488	106.095	109.298	112.5	117.107
1820	101.504	106.112	109.315	112.518	117.126
1821	101.519	106.128	109.332	112.537	117.146
1822	101.535	106.145	109.35	112.554	117.165
1823	101.551	106.162	109.367	112.572	117.183
1824	101.565	106.178	109.384	112.591	117.204
1825	101.581	106.195	109.402	112.609	117.222
1826	101.597	106.211	109.419	112.626	117.241
1827	101.611	106.228	109.436	112.645	117.261
1828	101.627	106.244	109.454	112.663	117.28
1829	101.642	106.26	109.471	112.681	117.3
1830	101.658	106.277	109.488	112.699	117.318
1831	101.674	106.294	109.505	112.717	117.337
1832	101.688	106.31	109.523	112.735	117.357
1833	101.704	106.327	109.54	112.753	117.376
1834	101.718	106.343	109.557	112.771	117.396
1835	101.734	106.359	109.574	112.789	117.414
1836	101.75	106.376	109.592	112.807	117.433
1837	101.764	106.392	109.609	112.825	117.453
1838	101.78	106.409	109.626	112.843	117.472
1839	101.794	106.425	109.643	112.862	117.492
1840	101.81	106.441	109.66	112.879	117.51
1841	101.826	106.458	109.678	112.897	117.529
1842	101.841	106.474	109.695	112.915	117.549
1843	101.857	106.491	109.712	112.933	117.567
1844	101.871	106.507	109.729	112.952	117.588
1845	101.887	106.523	109.746	112.969	117.606
1846	101.903	106.54	109.764	112.987	117.625
1847	101.917	106.556	109.781	113.006	117.645
1848	101.933	106.573	109.798	113.023	117.663
1849	101.947	106.589	109.815	113.042	117.683
1850	101.963	106.605	109.832	113.059	117.702
1851	101.979	106.622	109.849	113.077	117.72
1852	101.993	106.638	109.867	113.095	117.74
1853	102.009	106.654	109.884	113.113	117.759
1854	102.023	106.67	109.901	113.131	117.779
1855	102.039	106.687	109.918	113.149	117.797
1856	102.055	106.704	109.935	113.167	117.816