    1.0000    0
    2.0000    0
    3.0000    0
    4.0000    0
    5.0000    0
    6.0000    0
    7.0000    0.0189
    8.0000    0.0464
    9.0000    0.0739
   10.0000    0.1010
   11.0000    0.1275
   12.0000    0.1537
   13.0000    0.1791
   14.0000    0.2041
   15.0000    0.2285
   16.0000    0.2516
   17.0000    0.2735
   18.0000    0.2942
   19.0000    0.3134
   20.0000    0.3314
   21.0000    0.3481
   22.0000    0.3635
   23.0000    0.3776
   24.0000    0.3903
   25.0000    0.4020
   26.0000    0.4125
   27.0000    0.4219
   28.0000    0.4303
   29.0000    0.4378
   30.0000    0.4444
   31.0000    0.4501
   32.0000    0.4549
   33.0000    0.4591
   34.0000    0.4626
   35.0000    0.4654
   36.0000    0.4677
   37.0000    0.4694
   38.0000    0.4706
   39.0000    0.4714
   40.0000    0.4717
   41.0000    0.4717
   42.0000    0.4713
   43.0000    0.4707
   44.0000    0.4697
   45.0000    0.4685
   46.0000    0.4671
   47.0000    0.4654
   48.0000    0.4636
   49.0000    0.4616
   50.0000    0.4595
   51.0000    0.4572
   52.0000    0.4549
   53.0000    0.4524
   54.0000    0.4499
   55.0000    0.4474
   56.0000    0.4447
   57.0000    0.4421
   58.0000    0.4394
   59.0000    0.4367
   60.0000    0.4340
   61.0000    0.4313
   62.0000    0.4286
   63.0000    0.4259
   64.0000    0.4232
   65.0000    0.4206
   66.0000    0.4180
   67.0000    0.4154
   68.0000    0.4129
   69.0000    0.4104
   70.0000    0.4079
   71.0000    0.4055
   72.0000    0.4032
   73.0000    0.4009
   74.0000    0.3986
   75.0000    0.3965
   76.0000    0.3944
   77.0000    0.3923
   78.0000    0.3903
   79.0000    0.3884
   80.0000    0.3865
   81.0000    0.3847
   82.0000    0.3830
   83.0000    0.3813
   84.0000    0.3797
   85.0000    0.3781
   86.0000    0.3766
   87.0000    0.3752
   88.0000    0.3738
   89.0000    0.3725
   90.0000    0.3713
   91.0000    0.3701
   92.0000    0.3690
   93.0000    0.3680
   94.0000    0.3670
   95.0000    0.3660
   96.0000    0.3651
   97.0000    0.3643
   98.0000    0.3635
   99.0000    0.3628
  100.0000    0.3621
  101.0000    0.3615
  102.0000    0.3609
  103.0000    0.3604
  104.0000    0.3599
  105.0000    0.3595
  106.0000    0.3591
  107.0000    0.3588
  108.0000    0.3585
  109.0000    0.3582
  110.0000    0.3580
  111.0000    0.3578
  112.0000    0.3576
  113.0000    0.3575
  114.0000    0.3575
  115.0000    0.3574
  116.0000    0.3574
  117.0000    0.3574
  118.0000    0.3575
  119.0000    0.3575
  120.0000    0.3576
  121.0000    0.3578
  122.0000    0.3579
  123.0000    0.3581
  124.0000    0.3583
  125.0000    0.3585
  126.0000    0.3588
  127.0000    0.3590
  128.0000    0.3593
  129.0000    0.3596
  130.0000    0.3599
  131.0000    0.3602
  132.0000    0.3606
  133.0000    0.3609
  134.0000    0.3613
  135.0000    0.3617
  136.0000    0.3621
  137.0000    0.3625
  138.0000    0.3628
  139.0000    0.3633
  140.0000    0.3637
  141.0000    0.3641
  142.0000    0.3645
  143.0000    0.3649
  144.0000    0.3653
  145.0000    0.3658
  146.0000    0.3662
  147.0000    0.3666
  148.0000    0.3671
  149.0000    0.3675
  150.0000    0.3679
  151.0000    0.3683
  152.0000    0.3687
  153.0000    0.3691
  154.0000    0.3695
  155.0000    0.3699
  156.0000    0.3703
  157.0000    0.3707
  158.0000    0.3710
  159.0000    0.3714
  160.0000    0.3718
  161.0000    0.3721
  162.0000    0.3724
  163.0000    0.3727
  164.0000    0.3730
  165.0000    0.3733
  166.0000    0.3736
  167.0000    0.3739
  168.0000    0.3741
  169.0000    0.3744
  170.0000    0.3746
  171.0000    0.3748
  172.0000    0.3750
  173.0000    0.3751
  174.0000    0.3753
  175.0000    0.3754
  176.0000    0.3755
  177.0000    0.3756
  178.0000    0.3757
  179.0000    0.3757
  180.0000    0.3758
  181.0000    0.3758
  182.0000    0.3758
  183.0000    0.3758
  184.0000    0.3757
  185.0000    0.3756
  186.0000    0.3755
  187.0000    0.3754
  188.0000    0.3753
  189.0000    0.3751
  190.0000    0.3749
  191.0000    0.3747
  192.0000    0.3745
  193.0000    0.3742
  194.0000    0.3739
  195.0000    0.3736
  196.0000    0.3733
  197.0000    0.3729
  198.0000    0.3725
  199.0000    0.3721
  200.0000    0.3717
  201.0000    0.3712
  202.0000    0.3707
  203.0000    0.3702
  204.0000    0.3696
  205.0000    0.3691
  206.0000    0.3684
  207.0000    0.3678
  208.0000    0.3671
  209.0000    0.3665
  210.0000    0.3657
  211.0000    0.3650
  212.0000    0.3642
  213.0000    0.3634
  214.0000    0.3626
  215.0000    0.3617
  216.0000    0.3608
  217.0000    0.3599
  218.0000    0.3589
  219.0000    0.3579
  220.0000    0.3569
  221.0000    0.3558
  222.0000    0.3547
  223.0000    0.3536
  224.0000    0.3524
  225.0000    0.3513
  226.0000    0.3501
  227.0000    0.3488
  228.0000    0.3476
  229.0000    0.3463
  230.0000    0.3449
  231.0000    0.3435
  232.0000    0.3422
  233.0000    0.3407
  234.0000    0.3392
  235.0000    0.3377
  236.0000    0.3362
  237.0000    0.3347
  238.0000    0.3331
  239.0000    0.3314
  240.0000    0.3298
  241.0000    0.3281
  242.0000    0.3263
  243.0000    0.3245
  244.0000    0.3227
  245.0000    0.3209
  246.0000    0.3189
  247.0000    0.3171
  248.0000    0.3152
  249.0000    0.3132
  250.0000    0.3111
  251.0000    0.3091
  252.0000    0.3070
  253.0000    0.3049
  254.0000    0.3028
  255.0000    0.3006
  256.0000    0.2984
  257.0000    0.2961
  258.0000    0.2938
  259.0000    0.2914
  260.0000    0.2890
  261.0000    0.2866
  262.0000    0.2842
  263.0000    0.2817
  264.0000    0.2791
  265.0000    0.2766
  266.0000    0.2741
  267.0000    0.2715
  268.0000    0.2688
  269.0000    0.2660
  270.0000    0.2632
  271.0000    0.2605
  272.0000    0.2577
  273.0000    0.2549
  274.0000    0.2520
  275.0000    0.2490
  276.0000    0.2461
  277.0000    0.2430
  278.0000    0.2400
  279.0000    0.2368
  280.0000    0.2337
  281.0000    0.2306
  282.0000    0.2276
  283.0000    0.2242
  284.0000    0.2209
  285.0000    0.2175
  286.0000    0.2142
  287.0000    0.2109
  288.0000    0.2073
  289.0000    0.2039
  290.0000    0.2005
  291.0000    0.1968
  292.0000    0.1932
  293.0000    0.1896
  294.0000    0.1860
  295.0000    0.1823
  296.0000    0.1785
  297.0000    0.1747
  298.0000    0.1709
  299.0000    0.1670