    1.0000    0.3065
    2.0000    0.3044
    3.0000    0.3079
    4.0000    0.3123
    5.0000    0.3171
    6.0000    0.3221
    7.0000    0.3274
    8.0000    0.3327
    9.0000    0.3381
   10.0000    0.3435
   11.0000    0.3490
   12.0000    0.3546
   13.0000    0.3603
   14.0000    0.3659
   15.0000    0.3716
   16.0000    0.3773
   17.0000    0.3829
   18.0000    0.3884
   19.0000    0.3937
   20.0000    0.3989
   21.0000    0.4039
   22.0000    0.4088
   23.0000    0.4135
   24.0000    0.4180
   25.0000    0.4223
   26.0000    0.4264
   27.0000    0.4304
   28.0000    0.4342
   29.0000    0.4377
   30.0000    0.4411
   31.0000    0.4444
   32.0000    0.4475
   33.0000    0.4503
   34.0000    0.4531
   35.0000    0.4557
   36.0000    0.4581
   37.0000    0.4604
   38.0000    0.4625
   39.0000    0.4644
   40.0000    0.4663
   41.0000    0.4680
   42.0000    0.4695
   43.0000    0.4710
   44.0000    0.4723
   45.0000    0.4735
   46.0000    0.4746
   47.0000    0.4755
   48.0000    0.4764
   49.0000    0.4771
   50.0000    0.4778
   51.0000    0.4783
   52.0000    0.4787
   53.0000    0.4791
   54.0000    0.4793
   55.0000    0.4795
   56.0000    0.4795
   57.0000    0.4795
   58.0000    0.4794
   59.0000    0.4792
   60.0000    0.4790
   61.0000    0.4786
   62.0000    0.4782
   63.0000    0.4777
   64.0000    0.4772
   65.0000    0.4766
   66.0000    0.4759
   67.0000    0.4751
   68.0000    0.4743
   69.0000    0.4734
   70.0000    0.4725
   71.0000    0.4715
   72.0000    0.4704
   73.0000    0.4693
   74.0000    0.4681
   75.0000    0.4669
   76.0000    0.4656
   77.0000    0.4643
   78.0000    0.4629
   79.0000    0.4614
   80.0000    0.4600
   81.0000    0.4585
   82.0000    0.4569
   83.0000    0.4553
   84.0000    0.4537
   85.0000    0.4520
   86.0000    0.4502
   87.0000    0.4485
   88.0000    0.4466
   89.0000    0.4448
   90.0000    0.4429
   91.0000    0.4410
   92.0000    0.4390
   93.0000    0.4370
   94.0000    0.4350
   95.0000    0.4329
   96.0000    0.4308
   97.0000    0.4287
   98.0000    0.4266
   99.0000    0.4244
  100.0000    0.4222
  101.0000    0.4199
  102.0000    0.4176
  103.0000    0.4153
  104.0000    0.4130
  105.0000    0.4107
  106.0000    0.4083
  107.0000    0.4059
  108.0000    0.4035
  109.0000    0.4010
  110.0000    0.3986
  111.0000    0.3961
  112.0000    0.3936
  113.0000    0.3911
  114.0000    0.3886
  115.0000    0.3860
  116.0000    0.3834
  117.0000    0.3808
  118.0000    0.3781
  119.0000    0.3755
  120.0000    0.3728
  121.0000    0.3701
  122.0000    0.3675
  123.0000    0.3648
  124.0000    0.3621
  125.0000    0.3593
  126.0000    0.3566
  127.0000    0.3538
  128.0000    0.3511
  129.0000    0.3483
  130.0000    0.3455
  131.0000    0.3426
  132.0000    0.3399
  133.0000    0.3370
  134.0000    0.3342
  135.0000    0.3313
  136.0000    0.3285
  137.0000    0.3257
  138.0000    0.3228
  139.0000    0.3199
  140.0000    0.3170
  141.0000    0.3142
  142.0000    0.3112
  143.0000    0.3082
  144.0000    0.3053
  145.0000    0.3024
  146.0000    0.2996
  147.0000    0.2966
  148.0000    0.2937
  149.0000    0.2907
  150.0000    0.2878
  151.0000    0.2848
  152.0000    0.2818
  153.0000    0.2788
  154.0000    0.2759
  155.0000    0.2729
  156.0000    0.2699
  157.0000    0.2669
  158.0000    0.2639
  159.0000    0.2609
  160.0000    0.2580
  161.0000    0.2549
  162.0000    0.2519
  163.0000    0.2490
  164.0000    0.2459
  165.0000    0.2428
  166.0000    0.2399
  167.0000    0.2369
  168.0000    0.2339
  169.0000    0.2308
  170.0000    0.2278
  171.0000    0.2247
  172.0000    0.2217
  173.0000    0.2186
  174.0000    0.2156
  175.0000    0.2125
  176.0000    0.2095
  177.0000    0.2064
  178.0000    0.2034
  179.0000    0.2003
  180.0000    0.1972
  181.0000    0.1942
  182.0000    0.1912
  183.0000    0.1880
  184.0000    0.1849