   1.0000    0.3989
    2.0000    0.3987
    3.0000    0.3998
    4.0000    0.4010
    5.0000    0.4023
    6.0000    0.4036
    7.0000    0.4050
    8.0000    0.4063
    9.0000    0.4077
   10.0000    0.4090
   11.0000    0.4104
   12.0000    0.4117
   13.0000    0.4131
   14.0000    0.4144
   15.0000    0.4157
   16.0000    0.4170
   17.0000    0.4182
   18.0000    0.4194
   19.0000    0.4205
   20.0000    0.4215
   21.0000    0.4225
   22.0000    0.4234
   23.0000    0.4242
   24.0000    0.4250
   25.0000    0.4257
   26.0000    0.4263
   27.0000    0.4269
   28.0000    0.4274
   29.0000    0.4278
   30.0000    0.4282
   31.0000    0.4285
   32.0000    0.4287
   33.0000    0.4289
   34.0000    0.4290
   35.0000    0.4290
   36.0000    0.4290
   37.0000    0.4290
   38.0000    0.4288
   39.0000    0.4287
   40.0000    0.4285
   41.0000    0.4282
   42.0000    0.4279
   43.0000    0.4276
   44.0000    0.4272
   45.0000    0.4267
   46.0000    0.4262
   47.0000    0.4257
   48.0000    0.4252
   49.0000    0.4246
   50.0000    0.4240
   51.0000    0.4233
   52.0000    0.4226
   53.0000    0.4219
   54.0000    0.4211
   55.0000    0.4203
   56.0000    0.4195
   57.0000    0.4187
   58.0000    0.4178
   59.0000    0.4169
   60.0000    0.4160
   61.0000    0.4151
   62.0000    0.4141
   63.0000    0.4131
   64.0000    0.4121
   65.0000    0.4111
   66.0000    0.4101
   67.0000    0.4090
   68.0000    0.4079
   69.0000    0.4068
   70.0000    0.4057
   71.0000    0.4046
   72.0000    0.4034
   73.0000    0.4023
   74.0000    0.4011
   75.0000    0.3999
   76.0000    0.3987
   77.0000    0.3975
   78.0000    0.3962
   79.0000    0.3950
   80.0000    0.3937
   81.0000    0.3925
   82.0000    0.3912
   83.0000    0.3899
   84.0000    0.3886
   85.0000    0.3873
   86.0000    0.3860
   87.0000    0.3846
   88.0000    0.3833
   89.0000    0.3820
   90.0000    0.3806
   91.0000    0.3793
   92.0000    0.3779
   93.0000    0.3765
   94.0000    0.3751
   95.0000    0.3738
   96.0000    0.3724
   97.0000    0.3710
   98.0000    0.3696
   99.0000    0.3682
  100.0000    0.3668
  101.0000    0.3654
  102.0000    0.3639
  103.0000    0.3625
  104.0000    0.3611
  105.0000    0.3596
  106.0000    0.3582
  107.0000    0.3568
  108.0000    0.3553
  109.0000    0.3539
  110.0000    0.3524
  111.0000    0.3510
  112.0000    0.3495
  113.0000    0.3480
  114.0000    0.3466
  115.0000    0.3451
  116.0000    0.3436
  117.0000    0.3421
  118.0000    0.3407
  119.0000    0.3392
  120.0000    0.3377
  121.0000    0.3362
  122.0000    0.3348
  123.0000    0.3333
  124.0000    0.3318
  125.0000    0.3303
  126.0000    0.3288
  127.0000    0.3274
  128.0000    0.3259
  129.0000    0.3243
  130.0000    0.3228
  131.0000    0.3214
  132.0000    0.3199
  133.0000    0.3184
  134.0000    0.3169
  135.0000    0.3154
  136.0000    0.3139
  137.0000    0.3124
  138.0000    0.3109
  139.0000    0.3094
  140.0000    0.3079
  141.0000    0.3064
  142.0000    0.3049
  143.0000    0.3035
  144.0000    0.3020
  145.0000    0.3005
  146.0000    0.2990
  147.0000    0.2974
  148.0000    0.2960
  149.0000    0.2945
  150.0000    0.2930
  151.0000    0.2915
  152.0000    0.2900
  153.0000    0.2885
  154.0000    0.2870
  155.0000    0.2855
  156.0000    0.2840
  157.0000    0.2826
  158.0000    0.2811
  159.0000    0.2796
  160.0000    0.2781
  161.0000    0.2767
  162.0000    0.2752
  163.0000    0.2737
  164.0000    0.2723
  165.0000    0.2708
  166.0000    0.2693
  167.0000    0.2678
  168.0000    0.2664
  169.0000    0.2649
  170.0000    0.2634
  171.0000    0.2619
  172.0000    0.2605
  173.0000    0.2590
  174.0000    0.2576
  175.0000    0.2562
  176.0000    0.2547
  177.0000    0.2532
  178.0000    0.2518
  179.0000    0.2503
  180.0000    0.2489
  181.0000    0.2474
  182.0000    0.2460
  183.0000    0.2445
  184.0000    0.2431
  185.0000    0.2431
  186.0000    0.2431
  187.0000    0.2431
  188.0000    0.2431
  189.0000    0.2431
  190.0000    0.2431
  191.0000    0.2431
  192.0000    0.2431
  193.0000    0.2431
  194.0000    0.2431
  195.0000    0.2431
  196.0000    0.2431
  197.0000    0.2431
  198.0000    0.2431
  199.0000    0.2431
  200.0000    0.2431
  201.0000    0.2431
  202.0000    0.2431
  203.0000    0.2431
  204.0000    0.2431
  205.0000    0.2431
  206.0000    0.2431
  207.0000    0.2431
  208.0000    0.2431
  209.0000    0.2431
  210.0000    0.2431
  211.0000    0.2431
  212.0000    0.2431
  213.0000    0.2431
  214.0000    0.2431
  215.0000    0.2431
  216.0000    0.2431
  217.0000    0.2431
  218.0000    0.2431
  219.0000    0.2431
  220.0000    0.2431
  221.0000    0.2431
  222.0000    0.2431
  223.0000    0.2431
  224.0000    0.2431
  225.0000    0.2431
  226.0000    0.2431
  227.0000    0.2431
  228.0000    0.2431
  229.0000    0.2431
  230.0000    0.2431
  231.0000    0.2431
  232.0000    0.2431
  233.0000    0.2431
  234.0000    0.2431
  235.0000    0.2431
  236.0000    0.2431
  237.0000    0.2431
  238.0000    0.2431
  239.0000    0.2431
  240.0000    0.2431
  241.0000    0.2431
  242.0000    0.2431
  243.0000    0.2431
  244.0000    0.2431
  245.0000    0.2431
  246.0000    0.2431
  247.0000    0.2431
  248.0000    0.2431
  249.0000    0.2431
  250.0000    0.2431
  251.0000    0.2431
  252.0000    0.2431
  253.0000    0.2431
  254.0000    0.2431
  255.0000    0.2431
  256.0000    0.2431
  257.0000    0.2431
  258.0000    0.2431
  259.0000    0.2431
  260.0000    0.2431
  261.0000    0.2431
  262.0000    0.2431
  263.0000    0.2431
  264.0000    0.2431
  265.0000    0.2431
  266.0000    0.2431
  267.0000    0.2431
  268.0000    0.2431
  269.0000    0.2431
  270.0000    0.2431
  271.0000    0.2431
  272.0000    0.2431
  273.0000    0.2431
  274.0000    0.2431
  275.0000    0.2431
  276.0000    0.2431
  277.0000    0.2431
  278.0000    0.2431
  279.0000    0.2431
  280.0000    0.2431
  281.0000    0.2431
  282.0000    0.2431
  283.0000    0.2431
  284.0000    0.2431
  285.0000    0.2431
  286.0000    0.2431
  287.0000    0.2431
  288.0000    0.2431
  289.0000    0.2431
  290.0000    0.2431
  291.0000    0.2431
  292.0000    0.2431
  293.0000    0.2431
  294.0000    0.2431
  295.0000    0.2431
  296.0000    0.2431
  297.0000    0.2431
  298.0000    0.2431
  299.0000    0.2431
  300.0000    0.2431
  301.0000    0.2431
  302.0000    0.2431
  303.0000    0.2431
  304.0000    0.2431
  305.0000    0.2431
  306.0000    0.2431
  307.0000    0.2431
  308.0000    0.2431
  309.0000    0.2431
  310.0000    0.2431
  311.0000    0.2431
  312.0000    0.2431
  313.0000    0.2431
  314.0000    0.2431
  315.0000    0.2431
  316.0000    0.2431
  317.0000    0.2431
  318.0000    0.2431
  319.0000    0.2431
  320.0000    0.2431
  321.0000    0.2431
  322.0000    0.2431
  323.0000    0.2431
  324.0000    0.2431
  325.0000    0.2431
  326.0000    0.2431
  327.0000    0.2431
  328.0000    0.2431
  329.0000    0.2431
  330.0000    0.2431
  331.0000    0.2431
  332.0000    0.2431
  333.0000    0.2431
  334.0000    0.2431
  335.0000    0.2431
  336.0000    0.2431
  337.0000    0.2431
  338.0000    0.2431
  339.0000    0.2431
  340.0000    0.2431
  341.0000    0.2431
  342.0000    0.2431
  343.0000    0.2431
  344.0000    0.2431
  345.0000    0.2431
  346.0000    0.2431
  347.0000    0.2431
  348.0000    0.2431
  349.0000    0.2431
  350.0000    0.2431
  351.0000    0.2431
  352.0000    0.2431
  353.0000    0.2431
  354.0000    0.2431
  355.0000    0.2431
  356.0000    0.2431
  357.0000    0.2431
  358.0000    0.2431
  359.0000    0.2431
  360.0000    0.2431
  361.0000    0.2431
  362.0000    0.2431
  363.0000    0.2431
  364.0000    0.2431
  365.0000    0.2431